gene	adipocytes	cd4	MVEC	m1_macro	m2_macro
ENSG00000001617.7	41.97310653317385	1.0	183.79908102807178	1.282928139977142	1.0460164224686144	
ENSG00000002587.5	1.0	2.1021393332686094	1.8880923873674613	4.429040115945963	184.685259120947	
ENSG00000002933.3	1.0	1.0	1.0	147.38239153833106	27.533569605568058	
ENSG00000004468.8	1.0	156.47040109683894	1.0	838.1450800298336	4.141029377733233	
ENSG00000005108.11	1.5840690039268805	1.0	47.44076386496343	1.0	1.0	
ENSG00000005844.13	1.0	1030.0652750588954	1.0	139.83404186455198	77.73422238834448	
ENSG00000006075.11	1.0	1.72017315293949	1.0668113588975843	746.7212420310182	189.5350154561715	
ENSG00000006210.6	1.0	1.0	130.70460119213016	8.64954173750954	1.0	
ENSG00000006606.4	1.0	1.0	1.0	1.0	95.53028144886983	
ENSG00000007264.9	1.0	35.12160218622961	1.0	1.0	50.8080423364198	
ENSG00000007312.8	1.0	59.16943008484243	1.0	1.0	1.0	
ENSG00000007908.11	1.0	1.0	243.65284935599993	6.2287718949720805	1.009847815356994	
ENSG00000008394.8	858.6095474666391	1.0	53.633602557179955	41.960972047498956	23.053121437525604	
ENSG00000009790.10	1.0	446.6284188651245	1.0	6.272956640392849	9.656022476480285	
ENSG00000009950.11	229.93483675018592	1.0	1.0	1.0	2.7238132067974163	
ENSG00000010030.9	1.0	1.9815218575385236	1.0	123.12574670480234	1.0	
ENSG00000010319.2	120.24721067272716	1.0	48.81759356391576	1.0	1.0	
ENSG00000010327.6	1.0	1.0299483470304391	901.8505371071708	70.32313526538647	4121.903129599897	
ENSG00000011600.7	1.0	1.0	1.0	483.42421398260626	856.403051293611	
ENSG00000012124.10	1.0	127.20540057886058	1.0	1.0	1.0	
ENSG00000013293.5	2.31597800722629	1.0	60.4104456020683	1.0	1.0	
ENSG00000013297.6	112.67699981563925	1.0	1295.0377103796397	6.7235345414913645	31.452279911865666	
ENSG00000013725.10	1.0	1117.884572275314	1.0	1.5962242332350978	1.0	
ENSG00000015133.14	4.516596259303377	452.5019763465289	47.66022407741758	6.524905140310963	5.430420804982454	
ENSG00000017427.11	24.945448455033937	1.0	3.906773103933477	1.0	61.68078978171137	
ENSG00000018280.12	1.338882423327388	1.0	1.0	59.782728597826306	112.9104646265823	
ENSG00000018625.10	257.8024228681064	1.0	1.0	1.0	1.0	
ENSG00000022267.12	1984.0629776662124	14.609505313861053	123.11706442044773	14.206064748831688	41.104584181966146	
ENSG00000023445.9	1.457363523498506	87.11355457617296	20.02741859812557	561.0015139365532	2.9361432543468013	
ENSG00000023892.9	1.0	368.9175581374251	1.0	2.9217531935587457	96.15686846491528	
ENSG00000024422.7	1246.6080278092466	1.0	455.0666388857326	29.888081362386586	59.34407582296981	
ENSG00000026751.12	1.0	16.784546968314245	1.0	5557.413021595868	4.224676689808026	
ENSG00000037280.11	1.0	8.726374662216664	82.05135153192167	1.0	1.0	
ENSG00000038945.10	1.0	1.0	10.996138154271408	22.028403002935107	278.83379261443804	
ENSG00000046889.14	1.0	1.0	106.85051238798472	1.0	1.0	
ENSG00000049540.12	431.20572864363555	1.0	1.0	1.0	1.0	
ENSG00000055163.14	8.502762643180908	760.1467455693353	23.841791647742724	10.253890826654711	9.760949857038316	
ENSG00000056998.14	107.03095438884759	1.0	1.0	1.5116624085023198	5.3826665386383805	
ENSG00000059377.11	1.0	7.8901308386623	1.8650039951707214	6.17309895929804	93.57646551181978	
ENSG00000060718.14	2042.3990264133265	1.0	1.0	60.93833335991623	105.05317675621306	
ENSG00000062282.10	1943.6982512413979	1.0	1.9395712856340785	5.488211270620047	1.0	
ENSG00000064201.11	1.0	79.08402256718551	1.0	1.0	1.0	
ENSG00000065320.4	1.7664155664922498	1.0	1.7392481788862864	91.82874824505751	2.014410539185358	
ENSG00000065675.10	1.0	94.87652646440529	1.0	1.0	1.06559342582001	
ENSG00000066056.9	1.0	1.0	930.1041525926456	1.0	1.0164745606628593	
ENSG00000066336.7	1.0	8.592160550522031	1.0	403.3224795772275	462.76920294047864	
ENSG00000066923.13	1.9610446912024828	117.45200749986924	4.502240297394935	1.5427362351016893	1.098741727876174	
ENSG00000068831.14	7.71695263277848	699.4142959583718	1.0	1.7195253732505134	2.2179166997433724	
ENSG00000069122.14	1.3740171373434538	1.0	765.3917399098403	1.0	1.0	
ENSG00000070190.8	1.0	23.469117956229717	1.0	239.4669409718771	19.837474861962583	
ENSG00000071967.7	552.8266264317392	1.0	48.74192146321065	8.133211505086445	18.482777450547996	
ENSG00000072818.7	2.3401081739812923	699.8906124015825	1.0	15.10474247802347	11.93740252684627	
ENSG00000072858.6	1.0	118.03391813697039	1.0	1.032322073427725	1.0	
ENSG00000073756.7	3.0077619782398797	1.0573447327442116	15.423399128881208	450.6509478299547	45.65094235892417	
ENSG00000074370.13	1.3924830148201146	1186.2601919037502	1.0	28.09572860115918	83.06823934085307	
ENSG00000074527.7	60.9777043398312	1.0	981.4445303412965	1.026940897407765	1.5257677875831046	
ENSG00000074706.9	1.0	169.515067051733	1.0	1.0	35.57273373311065	
ENSG00000076356.6	32.478814301457284	1.2332742768533036	575.9986557482042	22.000886454885904	79.29127244852097	
ENSG00000076555.11	562.5922323504494	41.07872627771158	1.499342328778075	2.7632938889537004	1.474459854595711	
ENSG00000076706.10	510.37504915833614	1.5774302789260943	3622.4386300651513	22.374387139450587	56.57116647573459	
ENSG00000077063.6	1.0	1.0	1.0	12.258073192030235	90.32440701979195	
ENSG00000077942.13	420.5567311004321	1.0	1.0	35.18511098549712	29.32790203316625	
ENSG00000078081.3	1.445773845278251	9.199055221829019	21.392980033722864	793.8661789230243	1.0	
ENSG00000078401.6	3.422494604752693	1.7827529847604242	834.3601523752063	77.0684310788839	6.870561105692714	
ENSG00000078596.6	1.0	232.42155569664124	130.70460119213016	1.0	1.007625692132207	
ENSG00000079215.9	18.844764131365668	1.0	1.0	152.64635913119636	7.507423999640851	
ENSG00000079435.5	450.9877980256075	24.54573635826612	3.408518187901922	1.0	1.1498196126884166	
ENSG00000080573.6	519.9320998487731	7.980751761917003	1.3298687096395752	4.066098371919079	2.932799190065725	
ENSG00000081059.15	4.74610682448238	2721.3346459117765	1.0	2.1692246583601538	1.1235864894626395	
ENSG00000083454.17	1.0	112.22347767301531	1.0	1.0	1.0	
ENSG00000085276.13	6.938150019235228	1.0	94.40894475308465	1.5817426074230432	2.481517676828367	
ENSG00000086300.11	6.415029052484856	6.581353797748159	1.0	1186.7502028072622	12.040780553097813	
ENSG00000086696.6	1.0	1.0	32.720007967666255	1.0	1.0	
ENSG00000087116.9	459.323887476078	1.0	1.0	23.202062552577566	16.601730396932673	
ENSG00000088827.8	1.0	1.0	1.0	609.3434513692154	238.14819137427423	
ENSG00000088881.16	1.0	5.394678269674797	1.0	116.45736683780423	1.0	
ENSG00000088992.13	1.0	2.6273352305146185	1.0	1.0271145334982843	61.62223356115639	
ENSG00000089012.10	1.0	199.0009190362561	1.0	1.0	1.0	
ENSG00000090554.8	1.3372332474656687	172.6438542037081	3.460007604513389	6.745808084379988	1.0	
ENSG00000090659.13	1.0	1.0	1.0	1.975984602152532	616.773702560464	
ENSG00000090920.9	2.30361439649795	33.76155464610851	1.4526805939384213	6.468631172023471	320.9218349726571	
ENSG00000091129.15	238.40863770756775	7.832199642439851	307.36590131679213	3.2315522868178244	1.0	
ENSG00000091136.9	1147.4745105645138	1.7878240524750597	2271.03631800594	74.56617949349041	237.81619951802185	
ENSG00000091879.9	1.0	1.0	251.3180377693932	1.0	1.39091122161003	
ENSG00000091986.11	1755.4899093030647	1.0	26.008292171594555	80.01106605965447	126.78461828648146	
ENSG00000092068.14	2.446483443855533	3.381743479779505	1.0	14.199491758790488	489.23620717082224	
ENSG00000094963.9	507.5480264163331	1.0	1.0	1.0	1.0	
ENSG00000095303.10	13.370159007671072	3.0987350121692563	57.96727067963757	57.077065782196755	492.79961931231935	
ENSG00000095970.12	1.0	1.0	1.0	2.290477151912473	430.4237839738738	
ENSG00000099194.5	16044.935166748253	24.297651752932452	128.73512628412664	77.65434833731007	505.00480169052094	
ENSG00000099204.14	22.603536075985332	1156.1174644042976	151.54365158367946	6.951996870316732	10.043720411506948	
ENSG00000099250.13	123.78768944818123	3.4593482525418913	487.22112918864116	142.38180421296516	1837.6003659673024	
ENSG00000099260.6	139.4700106653585	1.0	209.09273048348618	1.0	1.0	
ENSG00000099864.13	158.3421649379369	1.0	10.149262736436091	3.0813010059038417	3.3565347438574094	
ENSG00000099889.9	4.502240297394935	7.375368634478172	172.2478339928979	2.962895312040125	5.497006733110587	
ENSG00000100065.10	4.016918971175627	1.0	67.97169016125233	1.683333100324735	3.1959459777569768	
ENSG00000100122.5	1.0	1.0	1.0	1.0	43.513867982408115	
ENSG00000100234.11	2232.1763546860698	1.0	6.276674177535513	277.08229099091335	143.90242436248923	
ENSG00000100311.12	1.0	2.3386684678926626	442.16499875920124	61.9870630008159	86.5054537148881	
ENSG00000100351.12	1.0553190418273535	161.58446981986597	1.263576469127974	1.0	1.0020122357408914	
ENSG00000100365.10	1.0	13.572809369670281	1.0	70.98690566914391	224.58763597952873	
ENSG00000100368.9	1.0	9.36444817898396	27.554591464617072	1207.127980561203	105.34249275012445	
ENSG00000100385.9	1.0	285.97203221531373	1.0	6.416224673106255	4.2293929678723154	
ENSG00000100504.12	162.62804999161025	1.0	64.02664642912836	48.17719167931481	674.3942552205796	
ENSG00000100985.7	1.0	3.1392086432880992	1.0152513842644144	71.00363585311456	1118.4073376975423	
ENSG00000101017.9	2.208205235136554	10.32031827109917	6.7035527665088015	653.509316616597	53.48596162784496	
ENSG00000101336.8	1.0160771457179083	2.3489964047182195	1.1704362383166993	554.210833573278	329.39689288299655	
ENSG00000101916.11	1.0	1.0	1.0	493.27286334292234	9.781025612094128	
ENSG00000101938.10	290.81075411383813	1.0	1.0	1.0	1.0	
ENSG00000102010.10	1.0	1.0	99.69471993659826	1.0	1.0	
ENSG00000102245.3	1.0	118.86833513048957	1.0	1.0	1.0	
ENSG00000102524.7	1.0	3.064901215197107	1.0	411.7437208551124	6.116393368434463	
ENSG00000102794.5	1.0	1.0	1.0	1149.054456565544	1.0	
ENSG00000102879.11	1.0	2278.127745714023	2.3282286371439143	55.46274669393924	473.8664308277803	
ENSG00000103034.10	1.0	2.270415200714284	56.41949599180447	1.0311585238369876	2.6648442362276157	
ENSG00000103313.7	1.0	1.0	1.0	142.35321466437904	1.0522610736575908	
ENSG00000103522.11	1.0	207.46902897922752	1.0	4.263756587468921	5.6014506065619125	
ENSG00000103569.5	1.0	1.0	1.0	337.6722039602623	2.3873664811752398	
ENSG00000104043.10	1.149411868417694	1.4136765049656974	1.4672711752339906	23.098171780116044	158.33366904951532	
ENSG00000104112.4	1.0	1.0	1.0	70.09065096125913	1.0743254546905314	
ENSG00000104267.5	1.0	1.0	1.0	9.223970825364908	60.261341124235145	
ENSG00000104332.7	332.6938462401291	1.0584401052486196	1.0920328449372287	14.805118564472469	31.96573083865788	
ENSG00000104814.8	1.0	187.86470101053183	1.0013966390960969	1.0	1.0	
ENSG00000104894.7	2.0102717895579465	555.5345450132511	6.39488278723136	20.080616876569522	3.2878777020861953	
ENSG00000104951.11	1.696102996468691	6.798194540481746	19.777970364981332	547.4111716427267	15.186613004885569	
ENSG00000104967.6	1.004024471481783	1.1091875954025128	50.29154501846627	1.0	1.0	
ENSG00000105246.5	1.0	1.3576965532798289	4.234048261121891	356.4986113182857	24.399199518180552	
ENSG00000105369.5	1.0	111.83763519882135	1.0	1.0	1.0	
ENSG00000105383.10	1.0	1.0	1.0	22.44246288195165	127.46817229693842	
ENSG00000105499.9	1.167522180963382	1.0	235.7730444047146	41.86279809786559	1.7565548518271243	
ENSG00000105538.4	1.0	1.2267461912618558	152.7621562570756	1.0	1.0	
ENSG00000105609.12	1.0	1.0	1.0	5.453229109843026	56.43218580646798	
ENSG00000105855.5	7.560530756149889	2.3816814097789782	4.185360761279895	269.8914355375437	1.8651193078317292	
ENSG00000105974.7	1544.3157361457024	6.826645613240081	2565.1043435123693	24.591664397229344	61.374968175974146	
ENSG00000106066.9	9.035917194302638	1.5097059075610517	1.0	28.476663767159216	169.66141545739174	
ENSG00000106069.16	2.9058160902430856	1.0	1.0	1.7008572238971644	55.46324543121059	
ENSG00000106123.7	71.45012619645884	189.84390347347846	1.0	1.0	1.57657862123314	
ENSG00000106333.8	645.9560397550853	6.339350952574744	1.6046057822391375	26.403085381053252	33.834644195947156	
ENSG00000106366.7	621.6633175154577	1.0	18702.678181082716	1657.009419994995	680.9936635610175	
ENSG00000106565.13	1.0	1.0	1.0	221.86680912530713	42.81462214425406	
ENSG00000106772.13	355.5825786160952	1.0	10.526115473982827	4.736720334146918	10.959385325821737	
ENSG00000106809.6	241.33073625437666	1.0	1.0	1.0	1.0	
ENSG00000106819.7	136.7480565235556	1.0	1.0	1.0	1.0	
ENSG00000106823.8	113.14208765989375	1.0	1.0	1.0	1.0	
ENSG00000106852.11	1.0	1.0	57.28255840599863	1.0	1.0	
ENSG00000107317.7	444.7036823360198	1.5944544056303147	1.0	1.0	1.0	
ENSG00000107742.8	1.0	1551.6019800909075	1.0	1.0	1.0	
ENSG00000107798.13	145.3790668006835	66.21854646668382	33.03396607237474	113.49223152554352	2701.8685039610828	
ENSG00000108622.6	1.0	117.22274629295694	516.5921299326404	8.903023597863328	1.5386325945117896	
ENSG00000108691.5	1.4754105213092357	1.0	532.8678506057402	1215.0705919824857	1304.4858235682598	
ENSG00000108700.4	1.0	1.0	1.0	1566.2730174460387	235.2629611687895	
ENSG00000108821.9	18702.678181082716	1.0	1.0	805.8045426867126	2448.2205289900166	
ENSG00000109424.3	71.29530737309707	1.0	1.0	1.0	1.0	
ENSG00000109472.9	162.12450792305427	1.0	1.0	4.608232699102823	5.22623878056947	
ENSG00000109861.11	41.166974609597325	75.44205075822578	150.79897011898845	974.3166235373398	5331.9763100698265	
ENSG00000110077.10	1.0	1.2326258221008968	1.0	24.80835570842437	723.138875298971	
ENSG00000110079.12	1.0	1.0	1.0	3.974907049751263	229.5454690199452	
ENSG00000110427.10	3.314425093339656	1.0	145.20908883389512	2.4916891814971933	14.836853721809051	
ENSG00000110448.6	1.0	817.8208298200595	1.0	1.0	1.0	
ENSG00000110777.7	1.0	117.330984726033	1.0	1.0	1.0	
ENSG00000110799.9	1.2401427501804738	1.0	9102.61559757355	1.0	1.0	
ENSG00000110848.4	1.0711347788511274	403.38965261402336	5.907393683467477	7.974583807653273	1.0049280509459804	
ENSG00000111012.5	1.0	1.7369355076925435	1.0	327.64386052663724	2.0141259035646732	
ENSG00000111181.8	1.0	1.0020927592609032	1.0068918003735554	42.69932895127095	1.0	
ENSG00000111341.5	357.81785871403486	1.0	4.881100624401905	1.0311585238369876	1.059809812935156	
ENSG00000111729.8	1.0	1.7881638503007888	1.0	1.7503838145594393	315.89556830139014	
ENSG00000111907.16	89.5362413972534	1.0	1.0	1.0	1.1439370075443256	
ENSG00000111913.11	4.1145070157275665	903.0402038848534	1.0	15.289410520402669	1.235660489826184	
ENSG00000112096.12	196.93916307147302	79.24932462270723	237.31975982917282	9715.463211169881	156.11138432431267	
ENSG00000112149.5	3.331152891430332	29.27334100005441	1.0	1447.0127083911907	31.899246388225066	
ENSG00000112182.10	1.0196956307139882	269.5854027011741	1.8793750276912187	1.2848764577235863	1.0000805235200119	
ENSG00000112414.10	1.0	1.0	248.26489928277192	31.10778271135461	62.231727775266236	
ENSG00000112769.14	810.9146694956869	1.0	1943.6982512413979	1.0916772856724195	3.704242392925706	
ENSG00000112799.4	1.0	7.027154706997499	1.0	11.899296189700935	111.48438753640355	
ENSG00000112936.14	71.71704426796693	1.0	1.0	1.0	1.0	
ENSG00000113263.8	1.0	532.3708935266008	1.0	19.746512336497652	1.0	
ENSG00000113389.11	648.1483808253168	1.0	1.0	1.0	1.0	
ENSG00000113721.9	879.0344918550012	1.0	1.0	63.53774949218939	45.63510461260583	
ENSG00000114013.11	1.0	1.7149792918680764	1.0	400.8891707458854	369.06565008949565	
ENSG00000114698.10	98.1685281402767	1.0	219.42459723048773	15.007556321963435	1.1019161793893328	
ENSG00000114812.8	1.0	70.73611307711485	1.0	1.0	1.008038572858954	
ENSG00000115008.5	1.0	1.0	7.814613646534131	157.82941883091698	3.9771444799322975	
ENSG00000115085.9	1.0	880.230042286905	1.0	1.0	1.0	
ENSG00000115267.5	4.752010451788796	19.138282501079637	19.288623866434936	756.5841701470449	13.866334288304301	
ENSG00000115380.14	405.9856572212455	1.0	4068.5980938509047	27.419861217054894	110.04205840616515	
ENSG00000115457.5	1237.4169102221688	1.4396875138456093	49.19002749997519	22.241052509918116	29.369048624381204	
ENSG00000115461.4	2777.625790433738	1.0	4.001680297855466	48.6123026411198	318.84537791208413	
ENSG00000115919.10	1.0	1.0	1.0	559.773420642633	35.54093277395592	
ENSG00000115956.9	1.0	13.105547166004591	1.0	1182.2375925838796	448.55603639599957	
ENSG00000116701.10	1.0	1.659845819578449	1.0	166.787075370212	552.4882074022588	
ENSG00000116824.4	1.0	275.4504191688921	1.0	1.0	1.0	
ENSG00000116852.10	1.0	393.2173907870394	5.138981745017565	6.2932371269960505	33.66336500925334	
ENSG00000116962.10	1642.7269326729524	1.0	352.8213251843227	71.26872247616862	64.38668499171918	
ENSG00000117115.8	1.0	1.0	1.0	54.00620491363162	1.0	
ENSG00000117228.9	47.2937497813537	68.49876705937965	54.220783244633964	4722.882517590425	12.81018169724014	
ENSG00000117322.12	1.0	101.24118846871596	1.0	1.0	1.0	
ENSG00000118523.5	1965.3635131131734	1.0	3139.374331733199	279.4939405285879	223.851995585762	
ENSG00000118785.9	1.0	1.0	1.0	908.4155973838685	9847.919282045847	
ENSG00000118898.11	95.93688352571337	3.6326601841101533	1.0	1.0241776574336152	1.0	
ENSG00000119508.13	1.0	8.914513904990375	1.004024471481783	186.15626755207518	1.4303264744026203	
ENSG00000119630.9	1.0	1.0	397.61157863474165	1.0	1.380023321663064	
ENSG00000119917.9	13.835903281858652	3.9077159356220412	6.349922149241843	1305.1022224384496	14.412946589090048	
ENSG00000119922.7	9.38168120597684	6.335787387610646	2.4295811369376747	960.7617883729527	6.28362681393401	
ENSG00000119927.9	2403.885975535289	15.740457629756637	13.028353157230192	2.8541713151836205	10.637318314701268	
ENSG00000120217.9	1.0	5.439418052731959	86.24140361965102	932.1976510058357	23.1960835816004	
ENSG00000120279.6	1.0	1.0	210.64010211850214	3.218388815478383	1.7380477092658153	
ENSG00000120337.7	1.0	1.0194099219077186	300.665441803336	1.58486874792384	1.0	
ENSG00000120586.4	1.0	1.0	1.0	1.0	80.7038898412014	
ENSG00000120594.12	1.9882062184717877	1.0	1.0	40.3777683011714	146.39319696966868	
ENSG00000120708.12	468.6555203656707	4.5484275790500295	382.13694284085994	1018.2873782465094	5673.564025585687	
ENSG00000120915.9	1.494393884458322	92.91282619534496	1.0	1.0	1.2142156533549433	
ENSG00000121380.8	1.0	1.0592518193332283	1.0788635241701525	65.53629124023652	1.0	
ENSG00000121594.7	1.0	1.0	1.0	287.1197876624602	8.273634735509006	
ENSG00000121769.3	148.86260853388586	1.0	1.0	1.0	4.692293721012405	
ENSG00000121858.6	1.0	41.500326045969075	41.75833273221694	979.9075429532026	1.5019053137779017	
ENSG00000121933.13	1.0	1.0	1.0	2.6372764786887144	508.9615377873346	
ENSG00000121966.6	1.0	783.8073229860906	62.07636913444596	10.14535427103486	1.4107509171842394	
ENSG00000122188.8	1.0	60.87857830604446	1.0	1.0	1.0	
ENSG00000122224.13	1.0	182.221884801646	1.0	1.0	1.0	
ENSG00000122378.9	633.859655518531	9.903492331248096	112.40378182088777	6.016989770363509	8.642426369911718	
ENSG00000123243.10	180.2070764361983	1.0	1.0	1.0	1.0	
ENSG00000123453.12	1.0	65.29330512585022	1.0	1.0	1.1465560486184576	
ENSG00000123610.3	1.0	1.0	1.0	808.6797854532008	1.4379352585867928	
ENSG00000123689.5	551.7954259784315	1.0	1.0	21.675878424938915	4.2333513105756095	
ENSG00000123700.4	2.5302066864580364	1.0	4.092223488885093	171.59109364420084	1.7508845033050608	
ENSG00000124006.10	300.665441803336	1.0	3.6300481308215864	6.214509743934903	9.006109458518033	
ENSG00000124019.9	1.0	1.0	107.69536726861631	1.0	1.0	
ENSG00000124203.5	1.0	119.39356616694809	1.0	1.0	1.0	
ENSG00000124212.5	108.21650902870242	1.0	4.092223488885093	1.0173283378854068	1.1746627676950578	
ENSG00000124406.12	1.2989484540759646	84.4849581001348	5.958398768761651	1.0	1.9445542338317385	
ENSG00000124491.11	1.0	2.017968016447729	1.0	4.638208416714692	7670.80462077483	
ENSG00000124749.12	100.92359625430878	1.0	1.0	1.538524240683193	2.0472558777463084	
ENSG00000125144.9	1.0	1.0	1.0	1320.664556168901	5.2227666122270975	
ENSG00000125538.7	7.505591057604523	1.2435389742867424	1.9200871328327442	1288.8175279311079	107.21454988629421	
ENSG00000125637.11	3.672938796134961	844.0991773324649	1.0	50.171083793914875	76.64390124257895	
ENSG00000125726.6	1.0	1.0	1.0	56.568398911194876	1.0	
ENSG00000125740.9	1.0802249057735278	1324.076392359269	1.3512580847652644	1.4618529829863263	1.3896838790036257	
ENSG00000125810.9	1.0	9.400540568523185	1689.0396162078725	3.0761629234404793	1148.6094316826002	
ENSG00000125910.4	1.0	113.8172322666478	1.0	1.0	1.0	
ENSG00000126353.3	2.0297450230730725	756.3691931626356	1.3613453776258186	920.3933743319758	1.01560718360932	
ENSG00000126778.7	221.2584081306559	1.0	6.657114074270348	1.0	1.0	
ENSG00000126785.8	5.642984169234094	1.0	256.3789708514657	1.4406980242868488	1.6639543802542112	
ENSG00000127083.7	61.23341496497363	1.0	1.0001610470400235	1.0	1.0	
ENSG00000127084.13	1.0	506.9743432528602	1.0	32.009509776346505	28.60642360231197	
ENSG00000127152.13	1.0	633.566539229977	1.0	1.0	1.0	
ENSG00000127329.10	1.0	1.0	362.55915848310406	1.9373303217975335	1.8994057069503412	
ENSG00000127507.13	1.0	1.1894697480728413	1.0	9.529376205181189	75.19744178910992	
ENSG00000127528.5	12.345553871517659	781.6063478259287	19.193108149989097	5.312314138873065	4.608877219058897	
ENSG00000127920.5	18.32739910129247	1.0047478634992606	517.606066279967	39.94935026466603	34.32208923233504	
ENSG00000127951.5	1.0	1.9675095756488332	1.0	112.14550423893989	320.1066819291728	
ENSG00000128052.8	87.46384263794822	1.0	728.0486512878659	43.3183432257384	20.52193194712585	
ENSG00000128284.15	3.2276591738363267	62.321296154116126	62.64499597654099	1100.3587786418439	1.3930321940516879	
ENSG00000128383.8	1.0	1.0	1.0	143.16555338347112	1.0	
ENSG00000128594.3	3.795904086291791	4.326945764226645	1.9172119105193957	1.3542598511667499	76.56038183356695	
ENSG00000129277.9	1.0	1.5469095098677763	1.0	431.89508955523775	64.87179158485654	
ENSG00000129450.4	1.0	1.0	1.0	24.584129233493712	71.78639656351267	
ENSG00000129538.9	1.0	1.0	34.14832592206734	117.45897762755605	3186.7957464644533	
ENSG00000129596.4	282.9990925912601	1.0	1.0	1.0	1.1411533857546763	
ENSG00000129965.9	238.98827561694662	1.0	1.0	6.008891169155303	8.727698462370839	
ENSG00000129988.5	77.46000783651857	1.0953821030201452	1.1229912063623906	1.0	1.0	
ENSG00000130158.9	33.23022764771156	4.347452773253732	345.94852904750746	6.007515035980646	3.099222084563623	
ENSG00000130203.5	5331.9763100698265	4.3709678054078385	1.910166313381906	30.684486890665752	15.723924809830876	
ENSG00000130208.5	277.14016711459436	1.1633751879821306	1.2032151617097844	1.5124202372059534	2.004484026247025	
ENSG00000130508.6	1470.1486292109396	4.006214983589469	3139.374331733199	134.51300761826306	232.97042475848406	
ENSG00000130707.13	414.42118412014	1.0	4.805241051572194	32.72376592387552	3.926568178394768	
ENSG00000130876.7	101.05024752001607	8.92994055971782	1.0	1.0	1.0	
ENSG00000131016.12	120.48866844325754	1.0	1065.5950472158177	96.47501475973178	42.16721770423838	
ENSG00000131042.9	1.0	1.0	1.0	351.7692286536494	150.15002073493076	
ENSG00000131203.8	1.0	1.0	1.0	4233.841008199879	1.4038669557222083	
ENSG00000131242.11	1.0	144.40234292725654	1.0	1.0758549219150892	3.7660715646528153	
ENSG00000131471.2	1315.1667344972598	1.0	1.0	1.289450170633208	1.8604460479585836	
ENSG00000131634.9	1.385539470231026	100.4213574130996	11.703791881267382	1.261907203818705	1.3451995723356496	
ENSG00000131979.14	1.1819717654473763	35.35064460819568	5.815839167560868	836.4980552147786	8.06479687015785	
ENSG00000132170.15	107.5392372843855	1.0	8.664671651473215	1.026335539528355	4.993317788795457	
ENSG00000132182.7	1.0	826.5980283958477	2.04530292788187	3.119584738547993	16.15957197371681	
ENSG00000132205.6	4.092223488885093	10.973545832466058	5.790095605732887	215.7305701858964	656.1525727338997	
ENSG00000132386.6	1211.8975077761797	8.871706718544026	1.0	28.38373483725814	17.153203719494005	
ENSG00000132514.9	1.0	1.0	1.0	3.623350702067282	735.1515736455481	
ENSG00000132688.10	1.8109629426451206	1.0	754.4072703919154	38.00097852398336	67.36975578961548	
ENSG00000132965.5	1.0	43.27078973497856	2.59651836818658	5.187634021878075	258.644134169861	
ENSG00000133317.10	116.9523863492374	1.0	1.0	1.0	5.878719394420717	
ENSG00000133800.4	1.056324616754274	1.2168847586709806	19.37402614525507	1.295825944618255	161.69538880958038	
ENSG00000134028.10	1.0	1.0	1.0	132.04065475091704	12.343851338338132	
ENSG00000134061.4	1.0	12.174565714211518	1.0	1.0	183.42046885827082	
ENSG00000134321.7	1.0	17.432048160989982	1.7664155664922498	911.4933191789004	1.6456707994072517	
ENSG00000134326.7	1.0	13.98097940436514	1.9040114495965126	359.5971682427692	4.537749978749384	
ENSG00000134460.11	1.0	17.471766922881447	1.0853719957657555	191.57192819635694	1.277719627035046	
ENSG00000134470.15	1.0	3.6027833587814175	15.211555758152285	387.01563822913255	1.3374979276760954	
ENSG00000134755.10	4.491784676890677	1.0	1.0	196.23501020762947	31.10774183110937	
ENSG00000134955.7	1.0	1.5789127351287155	2.995331563502659	19.292171092965688	88.84629380468297	
ENSG00000135114.8	1.0	5.603922246912708	1.0	280.93945954190923	2.301191418653595	
ENSG00000135127.7	1.0	170.88866465252812	1.0	1.1744448421034284	1.0	
ENSG00000135144.3	19.855408610946565	223.5853410930701	1.0	1.0	1.0901871959873795	
ENSG00000135218.13	2134.7488789273616	1.0	1.0	11.921930390179448	650.2594931652175	
ENSG00000135424.11	883.7412584689806	2.5929736847793845	1.0	6.897814651886865	1.0	
ENSG00000135426.10	1.0	213.45160878828864	1.0	1.0	1.0	
ENSG00000135480.10	1.0	1.0	590.0468337745342	16.846230893813992	38.75493973032876	
ENSG00000135549.10	11.633059321251304	1.0	1.0	10.560212950452122	131.153468517254	
ENSG00000135636.9	7.730351500647767	1.0474627965087318	838.2765578177346	14.674022274954055	75.3561292165477	
ENSG00000135838.9	1.4534923825237116	3.9990206473479537	1.0	111.44041706507406	265.56521008288007	
ENSG00000135960.5	1.0	52.463214277244845	1.0	1.0	1.0	
ENSG00000136237.14	1.0	2.011220787637943	60.718065059612734	1.1092753141372569	1.1063205304831738	
ENSG00000136378.10	78.35012315183334	1.0	184.35312894811162	3.6278266283885836	3.67196177910253	
ENSG00000136542.4	79.48679180601594	1.0	1.0	1.0	1.32225598503799	
ENSG00000136689.14	1.0	2.3566632476315057	1.0	2186.8678704404956	51.306377664741575	
ENSG00000137078.4	1.067679056998745	128.26178539754022	1.2862972853358885	1.0	2.130885960220385	
ENSG00000137462.6	1.0	1.7486675587190432	4.799661141842116	828.0817261188763	310.9187425464214	
ENSG00000137474.15	4.275995057334927	22.991738289965948	1.0	1.4072400839313095	125.00594382441804	
ENSG00000137491.10	1.060022026982561	1.2295133953310804	2.158489520807984	10.48510112221488	917.944172004512	
ENSG00000137642.8	7.375242332785199	661.6493742176885	1.0	1.7815955756204087	6.481283715394556	
ENSG00000137745.7	1.0	1.0	1.0	179.10348711700937	1.0	
ENSG00000137801.9	2605.196190034226	1.0	11239.958372678228	399.6505168158666	544.1669407389095	
ENSG00000137841.7	1.0	308.92834265690715	1.0	9.984948715862227	609.4018273468355	
ENSG00000137959.11	4.239598503640666	19.09903857328164	7.76444286441624	422.33657500906656	1.128384838235343	
ENSG00000137962.8	175.79882081245427	1.0	618.8620303398482	11.007322868258466	9.450642158984973	
ENSG00000138207.8	159.35238652852408	1.0	1.0	1.0	1.0	
ENSG00000138356.9	132.7098258468044	1.0	11.16311124669086	1.0	1.073062866483355	
ENSG00000138646.4	1.117984915502159	11.103035640047306	1.3969576740330758	248.58668661875646	2.8181144356658123	
ENSG00000138722.5	1.0	4.281825918779087	504.8745092444405	1.0	1.0	
ENSG00000138755.5	1.0160771457179083	1.139311114369757	1.1689090661193722	14791.941692913584	4.495399559529819	
ENSG00000138795.5	1.0	812.1357948279181	1.0	2.295368722277681	1.1814190385244758	
ENSG00000139193.3	1.0	372.1237929875912	1.0	1.0618220486760475	1.0	
ENSG00000139329.4	26.11599894784209	1.0	1.0	232.15608153177624	385.0938244291864	
ENSG00000139567.8	3.8206497907173436	1.0	439.4612752653973	69.66209194543222	20.758250207845805	
ENSG00000140379.7	1.0	11.16159192030046	1.0	382.8587557979149	2.037746503412418	
ENSG00000140678.12	1.0	3.9706910360951193	1.9021989138059838	54.054680214743556	129.94503262238254	
ENSG00000140873.11	5.358491667608037	1.0	168.66779769339578	1.0	1.0	
ENSG00000141293.11	1.0	121.08411139878808	1.0	1.0	1.0	
ENSG00000141574.3	27.917779717683946	4.931093726048413	2.874312616630651	515.7641739195446	31.07894306358846	
ENSG00000141655.11	1.0	1.0	7.75299396866353	7.053928654733468	289.59410870381225	
ENSG00000142102.11	32.402602031078196	1283.113772628239	90.66920270103483	15.406246614567811	9.263016104203233	
ENSG00000142583.13	230.1143267433343	4.215095847550958	1.0	1.408799991778701	9.67107309090835	
ENSG00000142765.13	1.0	340.6123773881156	1.0545708414120418	1.0	1.0	
ENSG00000142798.12	1279.0199224155156	22.180942911542637	16044.935166748253	75.41251033533851	116.04321594414768	
ENSG00000142910.11	65.25611173159983	1.0	390.2345893918006	5.574648971762299	3.8146510269724647	
ENSG00000143153.8	23.628713631018744	2.232308262406989	71.43221375901061	96.2009160798723	556.9662250353038	
ENSG00000143226.9	1.0	1.0	1.0	111.69166153929783	4700.287201960366	
ENSG00000143416.16	165.19812958728096	1.0	1.9326226421662211	1.1102676786014238	2.61827597328717	
ENSG00000143772.5	14.03225767559378	718.1880712466168	117.98176240419522	3.484317471812883	8.636049933500896	
ENSG00000144810.11	1544.3157361457024	1.1881715353013311	645.9560397550853	34.50478583805561	72.61033969784042	
ENSG00000144908.9	528.7511289704106	1.046976862387813	1.0646441468554497	1.0	1.0	
ENSG00000145287.6	1.0	127.99467280508212	1.0	4.165585282992977	1.0	
ENSG00000146070.12	1.0	1.0	1.0	613.9630287255025	104.53636151338156	
ENSG00000146122.12	161.47246199389278	1.0	1.0	2.6012047635794775	6.4442199576574914	
ENSG00000146285.9	1.0	118.30908704399188	1.0	1.0	1.0	
ENSG00000147113.12	1.0	1.0	348.7099886524488	1.0	1.0	
ENSG00000147443.8	1.0	148.51007182777238	1.0	1.5472198248207523	99.42966545603154	
ENSG00000147862.10	22.21403555069112	1.0	205.36380451842416	1.7813656109165925	2.2778362009334705	
ENSG00000148677.6	31.26483243053102	1.0	922.1319092523935	89.46525542669823	117.34933906992633	
ENSG00000148798.5	2.161935539446915	1.0	1.0	5.499790485550685	161.7197424698987	
ENSG00000149090.7	188.48545905093846	1.0	1.0	5.251014479250427	9.619657967177002	
ENSG00000149131.11	326.6087246551451	1.0	1.0	913.0069639751721	10.773696608923618	
ENSG00000149451.13	81.33950508184843	1.0	1.0	1.0	1.048970979207803	
ENSG00000149485.12	3315.592696738813	3.626892194955127	66.92136442488362	33.18794009717308	180.5966794276584	
ENSG00000149527.13	1.0	81.8852342718578	1.0	1.0	1.0	
ENSG00000149564.7	1.0	2.8884945182193644	319.71664372136456	1.9940658881270161	2.1070963487262495	
ENSG00000149573.4	1.0	1.9066445277623478	196.07715646118513	1.0563378436074058	2.3664945310676035	
ENSG00000151365.2	1410.801401399663	1.0114844730457317	1.0281512415381764	1.0	1.0	
ENSG00000151632.12	465.432375141396	1.0	1.0	1.0	1.0	
ENSG00000152270.4	103.23079413375109	195.3202903375893	1.0	1.0	3.61308447138505	
ENSG00000152495.6	1.165731404206013	170.66999311124414	1.0	3.0275679258378627	1.146733290668057	
ENSG00000152766.5	1.0	1.0	1.0	294.76980585083834	2.3444124640773865	
ENSG00000153071.10	251.3180377693932	1.0	464.2742099724708	112.69004293179935	2371.4946517734556	
ENSG00000153162.8	1.5438188448681678	1.4010772534904055	203.28505084962813	6.582251908148667	4.04916337771957	
ENSG00000153246.7	127.43239163879684	1.0	53.234628129188465	1.4496204777888613	1.4138885623571473	
ENSG00000153283.8	8.080092735671641	155.63116737817637	1.2966463096270544	1.0	1.0049280509459804	
ENSG00000153898.8	1.0	3.53779233260869	1.0	197.25393470376883	1.0907208620888897	
ENSG00000154096.9	6.960746106645794	1.0	1.0	57.58213679581323	132.01862106356685	
ENSG00000154133.10	1.0	1.0	1002.8437605117492	1.0	1.0	
ENSG00000154175.12	130.3603016423298	1.0	510.37504915833614	3.6344895989599877	1.0	
ENSG00000154188.5	262.0522218832996	1.0	1.0	1.6136958741778527	9.5678808848495	
ENSG00000154358.15	5.073267138545753	502.3876433950509	3.6239071779183294	4.398555234233319	4.2957874776023885	
ENSG00000154451.10	1.1556844141907128	70.13012924584339	1.7371792243526878	1025.5812076184754	1.0391898837973566	
ENSG00000154556.13	48.687755302798955	1.0	133.41390119133112	1.413361973826495	7.299285397121926	
ENSG00000154783.6	1.0	1.0	213.05266533488043	10.660728665524069	43.7807605274057	
ENSG00000155629.10	1.093757825730312	29.879352005403703	1.349325535390116	616.4034890815188	244.83127262258682	
ENSG00000155659.10	1.0	1.0	1.0	47.58494601431761	877.0379781131876	
ENSG00000155926.9	1.0	170.35616000171996	1.0	35.07492847267167	535.0185904699882	
ENSG00000156453.9	1.2790368870730302	3.7401707916356175	448.0646986444805	4.9663950099588146	1.7640200164018058	
ENSG00000156738.13	1.0	140.11000981752818	1.0	1.0	1.0	
ENSG00000157150.4	99.38230165612056	1.0	1.0	1.0	1.0	
ENSG00000157554.14	1.0	1.0	254.2351091390119	1.0	1.0	
ENSG00000157601.9	2.9577735132609364	107.30689803461993	18.055720860311396	1164.691815646087	24.563175287883077	
ENSG00000158050.4	1.428137369637357	213.8508516199958	1.0	13.740582264521535	2.5094668137188294	
ENSG00000158258.11	226.97519021816296	1.0	1.0	4.462596057853422	4.050014038261867	
ENSG00000158352.11	3.126517805754206	1.0	128.62628415653597	2.586408830359053	1.865708990909383	
ENSG00000158477.6	1.0	1.8271066781486045	1.0	1.0	33.43198109219048	
ENSG00000158481.8	1.0	7.421905507555877	1.009856101891961	1.0701940799022296	112.31912404019675	
ENSG00000158517.9	1.0	14.949608727426355	1.0001610470400235	1110.863514454469	63.3523882932888	
ENSG00000158714.6	1.5704958566194152	2.8982481524343076	1.0	427.66463467329345	167.0463388304126	
ENSG00000158869.6	1.0508245816677115	1.298485746077001	1.2515927861788707	1684.85265156058	1447.4136205296297	
ENSG00000159166.9	1.0	1.0	1.0	105.36929094254953	1.0	
ENSG00000159189.7	1.0	1.0	1.0	1395.7496405923239	1361.0799846687269	
ENSG00000159753.9	1.0	377.10995908352845	1.0	1.0	1.0	
ENSG00000160185.9	1.0	135.62865722861062	1.0	1.0	1.0	
ENSG00000160255.12	1.0	1150.674485620796	1.0001610470400235	724.7202433107285	1458.14747009573	
ENSG00000160307.5	1.0	3.559878209503678	1.0	43.18323791562657	967.3487867038109	
ENSG00000160593.13	1.0	137.55015365355132	1.0	1.0	128.31426666825251	
ENSG00000160654.5	1.0	267.82806368911787	1.0	1.0	1.0	
ENSG00000160791.12	1.0	6.767689693716978	1.0	253.01003816656763	16.723072569204827	
ENSG00000160883.6	1.0	1.0	1.0	20.218007912008993	161.37056036602235	
ENSG00000161381.9	1.0	115.62875778891518	1.0	1.0	1.1646471110080643	
ENSG00000161405.12	1.0	110.28469023541632	1.0	1.0	1.0	
ENSG00000161570.4	1.0301517698025273	2.8280875135188803	2.4264910384704614	2554.4812524507015	90.77629368753756	
ENSG00000161905.8	1.0	1.0	1.0	1.5913471665949983	495.15083718927065	
ENSG00000161921.10	4.081193132945624	2.2560505634301435	6.830205878386801	537.1219401496692	43.09369901823939	
ENSG00000161940.6	1.0152513842644144	1.1357300554243572	258.36730390202496	1.0990169557393488	1.0	
ENSG00000161944.12	1.0	1.0	1.0	3.078936954027336	92.73424291299611	
ENSG00000162367.7	1.0	1.0	60.9170069863616	13.068846371568014	164.82928391867617	
ENSG00000162407.8	259.4074866056873	1.0	10.98968266351471	7.280326757972087	6.649826988037892	
ENSG00000162618.8	4.440157879146387	1.0	443.45088997285205	22.59335937619585	20.799678703157753	
ENSG00000162654.8	1.0	87.50108919823839	5.732514443987942	3008.4696400221915	5.005702614549773	
ENSG00000162706.8	416.05916983992836	1.1026651594085874	6.613076564161522	1.0821070830586934	1.0	
ENSG00000162739.9	1.0	103.07540685207576	1.0	1.0	1.2762728360025712	
ENSG00000162745.6	7.654806301601707	1.0	1.0	38.68421152344156	196.0220622738231	
ENSG00000162772.12	9.619088400421946	2.1454173055102044	18.36459148608198	599.5405298296166	13.976064284731594	
ENSG00000162777.12	1.0	832.1738614095029	1.0	16.06340138745422	20.168160364518968	
ENSG00000162817.6	22.590088973556178	1.3438678703991274	72.35923035741199	1.9783007837880546	1.0	
ENSG00000162892.11	1.0	90.94008140979844	1.0	1.0	1.0	
ENSG00000162894.7	1.0	729.7002030027572	1.0	1.0	5.332481334411233	
ENSG00000162998.4	335.4738327035702	1.6641143185719571	1.0	9.387374565336632	7.502829268535276	
ENSG00000163017.9	399.415883145466	1.0	1.0	27.38551580141626	56.10701167075431	
ENSG00000163106.6	1.0	1.0	1.0	1.0	112.57643014203674	
ENSG00000163220.10	1.0	9.388099792502672	1.0	216.91835266846851	631.4351314277144	
ENSG00000163431.11	160.66965272408424	1.0	1.5932834765009012	1.5970974540831473	3.58712573742406	
ENSG00000163520.9	1135.1034735853316	2.0278380641645937	1.0133457972278888	65.46573374887656	62.560601548723824	
ENSG00000163568.9	1.0	4.159856053516441	1.0	62.1897312527213	1.0	
ENSG00000163600.8	1.0	89.74171541815574	1.0	1.0	1.0	
ENSG00000163606.6	1.0	16.312240540823392	1.0	1.0	308.9801656556375	
ENSG00000163710.3	195.92007874910823	1.0	1.0	2.317514092322894	5.760440946936148	
ENSG00000163735.6	1.0	1.0	4.094733441274897	245.8777133229342	30.44952750874636	
ENSG00000163762.2	1.7044359900239126	1.186276324150074	245.44243906810416	1.0	1.0006983195480483	
ENSG00000163815.5	790.0889019239563	1.0	1.0	1.0	2.055109209803763	
ENSG00000163823.3	1.0	1.0	1.0	434.5353776471403	407.70458453783414	
ENSG00000164035.5	1.4139423666473274	1.0	214.26457784855825	1.0	1.0	
ENSG00000164161.5	1.6160843093803967	1.0	901.8505371071708	1.0	1.1338579558071724	
ENSG00000164181.9	1.0	1.0	1.0	156.476942440856	1.5087980038115654	
ENSG00000164237.4	158.41776701763632	1.0	19.97638464537186	1.0020122357408914	5.555496318579718	
ENSG00000164283.8	1.0	1.0	600.0653933621315	6.170822235498126	1.0	
ENSG00000164509.9	1.0	1.0	1.8650039951707214	73.6255716910517	1.0	
ENSG00000164692.13	13538.948219078913	1.0	3.422494604752693	546.7586189786377	1446.3941479100245	
ENSG00000164736.5	1.0	1.0	85.28130228088484	1.1207696946382852	1.1159582835878163	
ENSG00000165025.10	1.0	34.03587468390451	1.0	31.2821174963754	178.2801882678724	
ENSG00000165072.9	109.09734835207195	1.3457553110706932	274.28603277777756	2.118481471148013	1.4363380335782363	
ENSG00000165092.8	1.0	1.0	83.41797964252663	1.0	1.0126993733234309	
ENSG00000165124.13	177.81790300405015	1.0047478634992606	1.0152513842644144	14.680401757420466	7.562509819034352	
ENSG00000165168.6	1.0	21.557056505335964	1.0	801.4748169191856	674.9108113607188	
ENSG00000165269.8	116.00078813895595	1.0	1.0	1.0	1.0	
ENSG00000165457.9	1.0	1.0	1.0	16.4444347281837	107.82196005330931	
ENSG00000165474.5	1.693711153612478	1.0	1.0	52.59732421385532	1.0601158065797036	
ENSG00000165633.8	54.17759449492888	1.0	1.0	1.0675242604571977	1.2290311941154783	
ENSG00000165716.5	2.906513013530591	7.0794348107465055	144.83410727161515	1.5449203889089975	4.343321071849424	
ENSG00000165757.8	8.21099689449856	1.0	239.3065865617668	9.348520510204892	23.768587812792788	
ENSG00000165929.8	1.0	194.10973273488125	1.0	1.0	1.0	
ENSG00000165949.8	1.0	1.0	112.08789731772896	1293.9292454527238	2.477335875120264	
ENSG00000166033.7	1227.2553239835872	1.0	102.73609972323256	7.875116453102565	28.569218631605185	
ENSG00000166068.8	32.02818013750518	1.052734365312718	20.318302356071968	67.32601627060538	566.5490955657974	
ENSG00000166250.7	219.9967604647852	1.0	1.0	20.170384178561854	11.752380769260805	
ENSG00000166278.10	1.0	1.646120813729448	1.0	313.38396800631983	103.64413707206427	
ENSG00000166482.7	1091.325692564566	1.0	1.0	2.96089404656545	2.420985056968415	
ENSG00000166523.3	1.0	1.0038286684895361	1.011465325855387	558.968495553587	1.0	
ENSG00000166670.5	1.0	1.0	78.1459099006812	1.1477050034741825	1.1172098403329676	
ENSG00000166819.7	856.4651105533304	1.153190208673784	1.1904201450795575	1.0	1.0	
ENSG00000166825.9	68.77618307679842	1.0	604.5631994777738	709.1822448379	1544.3157361457024	
ENSG00000166920.6	1.0	1.0	1.0	879.500542844869	28.446352356882052	
ENSG00000166927.8	1.0979419584156058	2.411955090328524	1.3605304350317242	142.53225602521442	334.20310631862196	
ENSG00000167106.7	44.50106694009423	1136.5002288920546	17.135705066374808	7.090018601083992	11.564108476420941	
ENSG00000167207.7	1.0	4.974388659905033	1.0	202.8124196540181	6.222852941268123	
ENSG00000167244.13	2403.885975535289	1.0	1.8977527665436669	62.58492112921712	82.79439806891627	
ENSG00000167286.5	1.0	422.3640918421948	1.0	1.0	1.0	
ENSG00000167588.8	946.979436095343	1.0	1.0	1.0	1.0	
ENSG00000167664.4	1.0	59.41963183870875	1.0	1.0	1.0	
ENSG00000167676.3	2016.8329137108371	3.6715123270882053	1.0	1.0861838015858472	1.0	
ENSG00000167680.11	3.464688152546853	1.0	541.4873521954087	32.97485949653542	40.09134620540686	
ENSG00000167851.9	1.0001610470400235	8.46358856148946	1.1018971184434112	20.946698867845434	180.95482952691708	
ENSG00000167895.10	1.1099562362376558	1925.5150673378348	1.3820815224302538	3.56344857470454	65.39663730561105	
ENSG00000167994.7	13.227314472138731	1.1637556675004461	1.8444230381439795	8.959188281016598	164.14406072755563	
ENSG00000168062.5	1.0	1.0	1.0	124.06701685720157	4.098193869358281	
ENSG00000168309.12	5.933843362745995	1.0	72.10104815740367	1.0	1.0	
ENSG00000168497.4	85.84976326560489	1.0	354.5129132659267	1.0	1.8082622294453916	
ENSG00000168542.8	11239.958372678228	1.0	1.0	1223.0326281716275	2526.2703794066047	
ENSG00000168995.9	1.0	1.0	1.0	4.448872491221593	39.957797643346936	
ENSG00000169245.4	1.0	1.0	1.0	18702.678181082716	4.8196605853264565	
ENSG00000169248.8	1.0	1.0	2.5643120692405543	2436.5830079031716	1.158288910611783	
ENSG00000169291.5	1.1437072695445336	1.4062994817643666	91.6418449428649	1.0087984487469925	1.1049930237455388	
ENSG00000169403.7	1.0	3.6323128882900164	1.0	691.8172084149726	358.8008687546579	
ENSG00000169413.2	1.0	3.03917231712974	1.0	7.3374963695275035	154.59180234266069	
ENSG00000169429.6	2.5439474901945127	1.0	626.2036919236755	3167.2203055328596	206.0577391342008	
ENSG00000169442.4	1.3340580976731204	351.10360386651905	1.0	1.0	2.835652775596733	
ENSG00000169710.6	6156.890345012781	213.15425683127057	246.22103105025948	20.50221194914117	163.77835140088018	
ENSG00000169896.12	1.0	2.5642860119453466	1.0	20.75411293999765	380.0427002098695	
ENSG00000169908.6	268.6905559977713	1.0	674.7189218964562	31.32240942084959	41.37111663958342	
ENSG00000170323.4	1913.93102482114	1.0	14.511251801193328	1.0	4.62603280613734	
ENSG00000170345.5	4.400143744795424	4326.718576560427	2.120905360497804	15.607803776426998	100.46797894436702	
ENSG00000170421.7	21.433869758971017	1.0	29.892158693294316	462.4108974505681	1250.8942978579578	
ENSG00000170458.9	2.9553946606385577	1.342852048540108	1.0	395.94521498193757	1574.0996098889318	
ENSG00000170522.5	329.9286998086859	1.7477633689403849	7.238608642887896	6.7805080782699125	14.071885345996378	
ENSG00000170866.7	1.0	1.0	1.0	525.3780292603528	29.335295714792082	
ENSG00000170891.6	1.0	1.0	445.28601708471723	1.062667188941002	2.684484814968463	
ENSG00000170989.8	1.0	144.97215405756526	344.3437987084443	3.687639718091291	11.68841947292496	
ENSG00000171056.6	1.8990746063446695	5.491276651253818	155.48109336327232	1.3073305836544464	2.5187362152117294	
ENSG00000171388.9	3.74020384567854	1.0	2068.9175993958384	1.0	1.0	
ENSG00000171476.17	1.0	2.696300048651291	10.65618481269825	1.0	35.393476511857045	
ENSG00000171657.5	1.0	1.0	1.0	1.0	35.777535075370025	
ENSG00000171659.9	1.3660374350908768	1.0	1.0	1.0	354.8011254971743	
ENSG00000171766.11	1.0	2.1816837983860538	1.0	7.287764404432116	283.26122476779346	
ENSG00000171860.4	1.0	1.5333538703506904	1.0	724.0070077849584	379.1408656006585	
ENSG00000172005.6	1.0	141.56646289732998	1.0	1.0	1.0	
ENSG00000172183.10	1.0	141.15280854099473	8.021196127398838	293.61702079002725	1.0	
ENSG00000172243.13	1.0	3.55952437283376	1.0	93.05096090676437	262.1102663242138	
ENSG00000172349.12	3.0634771545084227	1151.684110199299	1.0	25.51793906847783	31.015855839935863	
ENSG00000172673.6	1.0	60.14458463336457	1.0	1.0	1.0	
ENSG00000172794.15	1.0	86.40172317772732	1.0	1.0	1.2903161877162486	
ENSG00000172889.11	6.717694338262598	1.0	476.2563779852876	11.46607835207174	24.150071734880505	
ENSG00000173110.6	1.0	1.7048709754873943	1.0	5.70648656897183	148.08962104642617	
ENSG00000173175.10	166.60560293437533	1.0	1.0	1.0	1.0	
ENSG00000173198.4	1.0	13.158786992730096	1.0	4.443979316614412	148.32000781930404	
ENSG00000173269.9	2.41033997725226	1.0	466.32721021401653	2.2701635622070233	55.36571905787922	
ENSG00000173369.11	1.0	1.0	1.0	1515.7549898905518	336.90805758481133	
ENSG00000173372.12	1.1860211135184018	1.3147992258507653	1.3594247378961382	970.6693802159439	992.039339750698	
ENSG00000173535.9	1.36677604050322	1.0	69.94377057362392	2.4960002875020764	2.6886607858530813	
ENSG00000173705.4	10.165829939343324	1.0	122.30632027554175	4.651575988764022	1.9878792080771466	
ENSG00000173762.3	1.0	613.1466345470863	1.0	11.61687215597414	1.0	
ENSG00000174059.12	1.0	1.0	435.5735768503831	1.0034459001867777	1.0053525485602148	
ENSG00000174348.9	58.40156002777594	1.0	1.0	1.0	1.0	
ENSG00000174600.9	1.2641235937629367	1.0	1.0	522.0073379456601	267.72628342232326	
ENSG00000174807.3	736.1924492464726	33.820746000350695	1.0	10.895326931551237	52.05781369437725	
ENSG00000175264.3	1.0	1.0	72.02140491360895	1.020531363814125	1.105371625561701	
ENSG00000175445.10	1049.3680126945526	1.0	1.0	3.837598503720919	51.999666241478764	
ENSG00000175463.7	1.0	756.2254489022707	1.0	1.0558917599493667	2.591269033693382	
ENSG00000175489.9	1.0	1.0	1.0	65.80687573019829	101.16550177462558	
ENSG00000175746.4	1.0	1.0	54.52433546699868	1.0	1.0	
ENSG00000176435.6	1.0	1.0	355.5825786160952	1.0	1.203920742712974	
ENSG00000176485.6	199.3345805914388	1.0	28.45887337332652	1.582011192403482	1.0	
ENSG00000176597.7	6.40927198685353	1.3050006313441873	80.4838144158477	86.07131936171291	498.40487827482343	
ENSG00000176971.2	278.501661874954	1.0	1.0	2.311953588959165	1.0781356049928683	
ENSG00000177272.7	1.0	96.09411145499108	1.0	1.0	1.0	
ENSG00000177575.8	1.0	1.0	1.0	372.1687081709164	1297.9934258384753	
ENSG00000177675.4	1.0	1.0	6.298802415856352	14.06838388854609	186.61567259327762	
ENSG00000178031.11	24.468885182223634	1.0	139.24512036244474	3.77618724176122	5.668647245237663	
ENSG00000178562.13	1.0	352.38240824056516	1.0	1.0	53.0880864941364	
ENSG00000178573.6	7.530259301098631	151.4439326010148	1.2488572439428356	29.027589993142758	861.6948416902399	
ENSG00000178726.6	15.804142091662932	1.0	51.68051361275688	5.16771296740277	334.1356040520504	
ENSG00000178860.8	5.3565974910617715	1.0	1.0	161.950483007548	5.727295920097504	
ENSG00000179144.4	1.0	203.78963259498758	14.242827985514161	5.5729523041601325	1.0	
ENSG00000179163.11	22.7988884412755	13.757692080171338	17.471158406504145	168.02492146311715	953.5409033411314	
ENSG00000179776.13	1.0	1.0	2605.196190034226	1.0	16.923545363433874	
ENSG00000180096.7	1.0	539.3690395481078	1.0	1.0966270546241081	1.0	
ENSG00000181092.5	1219.991766573052	1.0	1.0	1.0	1.0	
ENSG00000181374.3	1.0	1.0	1.0	14.496386742195362	3317.7004381754614	
ENSG00000181495.1	333.83257083785514	1.0	1.0	1.0	1.0	
ENSG00000181847.7	1.0	86.37532810565826	1.0	1.0	1.0	
ENSG00000181856.10	54.97874114357322	1.0	1.0	1.0	1.0	
ENSG00000182162.5	1.0	259.1740241381754	1.0	5.226756054496242	1.100930405490271	
ENSG00000182240.11	73.35242045402941	2.604239323776393	515.2729763883217	13.036516934235323	11.208168788663777	
ENSG00000182492.11	564.4981129838211	1.0	413.0563735733749	25.60640904263683	11.732919896458085	
ENSG00000182578.9	1.0	1.0	1.0	84.51783808510024	1435.7622282754571	
ENSG00000182866.12	1.0	787.0345134140357	1.0	1.0	1.0	
ENSG00000183287.9	1.50429561712156	1.0	64.0502004018045	2.9055244204076995	1.3446939788032222	
ENSG00000183748.4	1.0	1.055670352715766	1.0743552961129301	1.062250545141762	292.2415165285817	
ENSG00000184058.8	1.0	1.0	46.91901652868794	1.0	1.0	
ENSG00000184060.6	1.0	1.2859800388192935	1.0729760056620807	142.64876248125614	237.36495267332816	
ENSG00000184113.8	1.0	1.0	378.82783552225504	1.0	1.0	
ENSG00000184347.10	256.9715110088602	1.1026651594085874	1.1311868516400199	10.421466019855213	22.590919168966735	
ENSG00000184613.6	1.0	119.12363243573387	1.0	1.0	1.0	
ENSG00000184811.3	68.09277454557738	1.2665004468033645	1.218550628274514	1.0	1.0000805235200119	
ENSG00000184916.4	2.807547545849333	6.273427448921049	148.02575354312742	4.191415813160939	7.095668033413229	
ENSG00000185070.6	9.113452097065611	1.0	238.40863770756775	9.97104782583951	9.486149145752588	
ENSG00000185101.8	1.0	155.75291670771875	3.6426787180188365	5.040022439199415	1.0	
ENSG00000185112.4	30.837827787506612	41.728794194504836	498.6757101173987	17.988902259291986	9.276656619379697	
ENSG00000185215.4	4.218043081232417	3.003793036416629	78.86717007827636	2520.9927211370546	74.80915529963508	
ENSG00000185567.6	76.87260977016211	1.5674245056931932	214.80922977617544	2.5259456985408644	8.248864824077419	
ENSG00000185585.15	193.44087558260273	1.0	1.0	1.0	1.9593341659155104	
ENSG00000185811.12	1.0	1168.9668601869062	1.0	75.5898530904268	61.29431711730537	
ENSG00000185905.3	1.0	237.66432736123676	1.0	1.0	6.945732161972214	
ENSG00000186205.8	67.70860153555428	1.0	1.7153931065596577	1.0	1.0	
ENSG00000186340.10	803.3383236703028	1.0	1.0	6.789711083215792	45.58947322736508	
ENSG00000186854.6	8.69848512620606	275.4282550569524	1.0	4.569502940482966	1.3405436023787543	
ENSG00000187134.8	510.37504915833614	2.335932248446979	1.9792931987318663	1.0509485592217056	1.4930200383432228	
ENSG00000187288.6	528.7511289704106	1.0	1.0	1.0	1.0	
ENSG00000187498.10	2694.651583624772	1.0	5782.849733121909	636.9923412874446	955.6787195637312	
ENSG00000187720.10	81.02382518902655	1.0	281.6499968824754	7.081620682204607	3.0475127668561424	
ENSG00000187942.7	231.95131271336243	3.7036500665156873	1422.9583854459902	16.20914858173672	22.570861887122227	
ENSG00000188322.4	1.0	78.85546715983503	1.0	1.0	1.0	
ENSG00000188389.6	1.0	138.62881819561807	1.0	1.0	1.0	
ENSG00000188404.4	1.0	1161.9123510274574	2.427393251592009	1.0228599696309353	1.0	
ENSG00000188820.8	1.0	3.8015622075705457	1.0	739.2341361119057	20.845161109638653	
ENSG00000188906.9	1.0	3.7206312043750387	1.0	351.6275450565428	47.18077049420681	
ENSG00000189056.9	1.0	1.0	81.27538810753754	3.8492399491437315	2.5807141306225807	
ENSG00000189184.7	248.6227915396533	1.0	1.0	6.466615103243434	20.46987042419624	
ENSG00000189221.5	425.6815243885152	1.0	20.83036951971787	25.154765306879604	470.329471434366	
ENSG00000189283.5	1.552318957179374	86.09549121879667	1.0	1.1164585095477784	1.3154106335148084	
ENSG00000196136.12	71.43221375901061	1.0	1.0	1.0236969675473162	1.0	
ENSG00000196139.7	257.5481633408632	1.9626027579354162	7.373819791285317	1.0	1.0	
ENSG00000196189.8	1.0	7.187153009218877	2.0128907350121588	366.79252143899697	172.45478055131468	
ENSG00000196562.10	134.9665107216207	5.225892965642883	1147.4745105645138	39.64060667246262	85.11101537316051	
ENSG00000196611.4	1.0	1.050842276182214	8119.34050807429	21.472419535730317	161.56872719662937	
ENSG00000196616.8	1147.4745105645138	1.0006983195480483	1.0026039266249658	1.0	1.0	
ENSG00000196932.7	1.0	1.0	1.0	11.98342933962822	165.0313574820699	
ENSG00000197249.8	1.0	1.0	1.0	381.89227633577195	96.13095388392662	
ENSG00000197272.2	1.0	1.0	1.0	93.81271160840994	1.0	
ENSG00000197471.7	1.0	447.9907392680602	1.0	15.19183407382134	43.9866438540695	
ENSG00000197540.3	1.0	107.71871591876736	1.0	1.0	1.0	
ENSG00000197629.5	1.0	19.190445289734228	1.0	346.8023993653293	429.4414956124466	
ENSG00000197766.3	219.12934875239884	1.455083156690953	1.0	3.869516111527777	1.604102617568277	
ENSG00000198223.10	1.4851748425272508	1.4092468959465965	1.34083227580914	159.4985281978129	49.00548571309636	
ENSG00000198286.5	1.0	326.45029582276055	4.343346203532968	12.484743209254802	5.248133258241113	
ENSG00000198417.5	1.0	5.177929777214198	1.0	348.2153357126975	8.443561601827756	
ENSG00000198435.2	1.0	1.5638972639154638	65.27798980209401	1.0	1.0	
ENSG00000198520.6	1.3333810768537215	144.70550124489563	1.1099562362376558	1.0	1.0	
ENSG00000198542.9	345.4958623254127	1.19986283750452	12.519400856049131	1.0	1.001301963312483	
ENSG00000198795.6	7.87226775775835	1.209772200397513	90.22245292028893	1.4298725176238887	2.1380602532626822	
ENSG00000198814.8	1.2515927861788707	3.8589656579366984	1.0	230.0017316825586	13.926606636893148	
ENSG00000198821.6	1.0	479.3256606401121	1.0	1.0	1.0	
ENSG00000198829.5	1.0	1.0	1.494393884458322	20.70127061439564	508.5379315925867	
ENSG00000198844.6	1.0	1.0	123.47292242679363	1.0	1.0	
ENSG00000198851.5	1.0	1155.8751590326738	1.0	1.0	1.0	
ENSG00000198959.7	51.04372806642077	2.006405578720421	1268.1191332792198	569.4944866434046	2773.8845257124412	
ENSG00000203747.5	1.0	1.0	1.0	215.52264289744357	351.50873158919416	
ENSG00000204291.6	258.36730390202496	1.0	12.386518753682253	9.186852187684835	2.400223942528317	
ENSG00000204301.5	1.0	1.5259768423220617	199.54295995848844	1.8980234294467713	1.0786385629287798	
ENSG00000204472.8	1.0	17.354814148183074	1.0	152.3452993582918	417.34481760714766	
ENSG00000204681.6	22.82368584098855	65.0855295526504	36.3637870046068	1774.8096408064803	9.015141800394156	
ENSG00000205268.6	4.9297351315087266	483.41446256765244	10.475837941144507	7.238291445158184	9.853985231868283	
ENSG00000205336.7	1.0444903472103901	1.2838875389386695	238.0579446206279	1.2786220728981328	14.638887631114573	
ENSG00000205358.3	1.0	1.0	1.0	594.6088182676353	2.1936840007506913	
ENSG00000205364.3	1.0	1.0	1.0	608.90936146894	1.0	
ENSG00000211445.7	1625.9062835031618	1.0728967312626256	4.609167220277041	3.5094880200497967	20.490828564157773	
ENSG00000213402.2	1.0	557.6246589358459	1.0	1.104181601064073	1.7680774062334619	
ENSG00000213413.2	1.0	100.14266746105284	2.6377204663014844	1.0	1.0	
ENSG00000213658.6	2.613568939726196	734.6808103148757	3.1992726670458795	3.823382910130081	1.9931360231891768	
ENSG00000213886.3	1.0	1.0	28.258960230176445	1913.8249963979424	1.131727066247011	
ENSG00000214944.5	25.557485951115236	1.0	262.70451049880756	1.0	1.0	
ENSG00000215788.5	6.991423908190033	386.23684026291573	27.773132579921405	1.0537424108665583	8.923593039469612	
ENSG00000216490.3	1.696102996468691	13.685863526787784	3.4953944829478325	1717.7560711620565	679.5676106170855	
ENSG00000223953.3	5.980965455413629	1.0	70.29514351697271	1.0	1.0414040359804748	
ENSG00000224383.3	1.0	66.31615688982433	319.71664372136456	4.026400487773531	1.0826376390325048	
ENSG00000224389.4	119.41220511661187	1.204977825860562	1.0	4.625547510688904	1.0	
ENSG00000224940.4	96.97583491177043	1.0	1.0	1.0	1.0	
ENSG00000227507.2	1.0	409.197259029143	36.84840017964015	2.016354814508288	1.0	
ENSG00000235568.2	1.0	1.0	1.0	213.49155409035086	57.21914553577486	
ENSG00000235718.3	5.971795570538939	1.0	70.24903386048291	1.0	1.0408461553418864	
ENSG00000243649.4	6.9037539785944695	1.810257436280523	2.0102717895579465	1121.6099995952277	51.78920459699465	
ENSG00000244255.1	6.158372870192342	1.0	1.8188042804615698	1032.4149257145962	60.56508972478966	
ENSG00000244482.5	1.0	1.0	1.0	246.92071088953287	78.94077333849711	
ENSG00000244731.3	99.73518543944432	1.5048170988561171	1.0	3.23517256306077	1.0	
ENSG00000246223.4	1.0	57.010491534228635	1.04183418500403	1.0	1.0	
ENSG00000249437.3	1.0	1.0	1.0	2.8479124263053515	65.32492724326582	
ENSG00000249751.1	1.0	1.0	153.7511962333986	1.0	1.0	
ENSG00000251322.3	21.629606518073807	1.0	193.44087558260273	4.142425079891213	2.696941236938117	
ENSG00000254709.2	1.0	214.65570635032105	1.0	1.0	1.0	
ENSG00000257017.4	58.83004368910072	1.0	1.0	1.0	1.0	
ENSG00000258227.2	1.0	1.0	1.0	1.094031454976923	97.34846561896015	
ENSG00000259159.1	5.979914410409274	1.0	70.2723836936394	1.0	1.0414040359804748	
ENSG00000263264.1	1.0	84.77440663066454	1.0	1.0	1.0	
ENSG00000270466.1	1.0	335.6076068184976	1.0	1.0	1.0	
ENSG00000273047.1	2.381708401058133	130.6260194774424	3.0824440896041683	1.413325893294492	1.1913646075544961	
ENSG00000273259.1	71.29530737309707	1.0	1.0	1.0228599696309353	1.0	
