Column	adipocyte	cd4	MVEC	m1_macro	m2_macro	P.value	Pearson.Correlation	RMSE
SRR1071453	0.578438592433851	0	0.343284623817016	0	0.0782767837491324	0.00201005025125628	0.362262709422649	1.07034599853172
SRR1072247	0.56154321500014	0	0.335481441454865	0	0.102975343544995	0.00201005025125628	0.392758346930609	1.03516190366437
SRR1073581	0.396997224389456	0	0.529530593578566	0	0.0734721820319786	0.0120603015075377	0.245949300927827	1.14350458996376
SRR1075971	0.717416964758238	0.00724987350624878	0.209396298867272	0	0.065936862868241	0	0.612024174958106	0.87497435793794
SRR1077038	0.376782671303718	0	0.52554579993418	0	0.0976715287621022	0.0402010050251256	0.129862234002362	1.21658491503271
SRR1078489	0.410834795075344	0	0.51353604466465	0	0.0756291602600057	0.0361809045226131	0.136543188864298	1.22075122606002
SRR1079522	0.183232748133646	0.0244520112593805	0.663599086388825	0.000206881049120349	0.128509273169028	0.00402010050251256	0.295154087644009	1.10919077016026
SRR1080270	0.663958830462375	0	0.274946515159106	0	0.0610946543785195	0.00201005025125628	0.374126085429379	1.09073609884434
SRR1080459	0.464964950968479	0	0.441470444923898	0	0.0935646041076227	0.00201005025125628	0.374103800144518	1.03795111207088
SRR1081567	0.641999754299396	0	0.323198113989927	0	0.0348021317106776	0	0.554710244525221	0.919129016873983
SRR1082173	0.651920792325024	0	0.243490116619277	0	0.104589091055699	0	0.472681024223435	0.990602385057235
SRR1082376	0.650398484828044	0	0.265165194093151	0	0.0844363210788049	0.00301507537688442	0.341723564372403	1.10884868095904
SRR1082883	0.622500532395279	0	0.145413190035314	0.0434888241217136	0.188597453447693	0.00100502512562814	0.438459994075442	0.995805356786742
SRR1083311	0.619706854453757	0	0.331064607417621	0	0.0492285381286216	0.00301507537688442	0.338931328615636	1.10826408058641
SRR1085134	0.531113752643199	0	0.41079116323181	0	0.0580950841249908	0.00201005025125628	0.403687355479259	1.03143300266943
SRR1085285	0.594225807296607	0.00133412753614605	0.335681000505061	0	0.0687590646621861	0.00201005025125628	0.378272488019993	1.06284403011362
SRR1085996	0.426096852196089	0.0133517772794797	0.468341487920857	0.000410568467138538	0.0917993141364355	0.0201005025125628	0.186558387011778	1.17149128824503
SRR1090407	0.517020713930354	0	0.412847975736172	0	0.0701313103334739	0.00402010050251256	0.308925677484828	1.10318079386854
SRR1091380	0.687201924325437	0.0251285130276545	0.282810233963981	0.00303172926368302	0.00182759941924445	0	0.461113959401987	1.02437870992631
SRR1091572	0.756019333206478	0	0.163945910105985	0	0.0800347566875369	0.00201005025125628	0.359399856512414	1.1433650621467
SRR1093148	0.76930232884002	0.0133408904972116	0.125765937522753	0.00236892127093395	0.0892219218690813	0	0.583309797228898	0.92584348034837
SRR1095455	0.702209423260362	0	0.226187869048707	0	0.0716027076909309	0	0.775356083680515	0.663051750104428
SRR1095575	0.589448339456938	0.000657036948041911	0.395385208579066	8.17148160062152e-05	0.0144277001999477	0	0.50453854919726	0.961592459746547
SRR1096383	0.504088726405269	0	0.462440081967409	0	0.0334711916273223	0.00804020100502513	0.275032773250238	1.14077858390187
SRR1096712	0.437044052420394	0	0.469614494245969	0	0.0933414533336367	0.0201005025125628	0.187216635421453	1.17765114134581
SRR1097013	0.550371373407865	0	0.414221824396732	0	0.0354068021954029	0.00201005025125628	0.373892740818734	1.066490017034
SRR1099072	0.538383965670087	0	0.369189917490897	0	0.0924261168390163	0.00804020100502513	0.271292120768049	1.12957083068722
SRR1099096	0.779250074467565	0.00125528091932481	0.14278382726864	0	0.0767108173444704	0	0.724390388660268	0.760177299300463
SRR1100419	0.292318386298192	0	0.558495327117211	0	0.149186286584597	0.0311557788944724	0.14962800420113	1.18917579625218
SRR1100677	0.642687851924588	0	0.309612922273045	0	0.0476992258023671	0.0120603015075377	0.243397192997634	1.19361268260052
SRR1101643	0.41025638628303	0	0.495840579442493	0	0.0939030342744766	0.0150753768844221	0.211722171534251	1.15943785120622
SRR1102631	0.611126204534992	0.00141182014924399	0.317163978884866	0	0.0702979964308979	0	0.606792392968758	0.850799986994417
SRR1105198	0.348308274694791	0	0.421846098175531	0	0.229845627129678	0.0201005025125628	0.18646870710118	1.12694478086496
SRR1309160	0.534622849695868	0	0.431348514149319	0	0.0340286361548136	0.00201005025125628	0.407549652640181	1.03575913288706
SRR1310275	0.58451301253416	0.0057136565607757	0.296021069444483	0.000124455413707728	0.113627806046874	0.00301507537688442	0.329553116414441	1.08898389395543
SRR1310542	0.599417733952814	0	0.218764934270397	0	0.181817331776789	0.0100502512562814	0.260435102110984	1.13831797963957
SRR1310584	0.852399462033249	0.0111505061971374	0.0675208046808782	0.00201520247015761	0.0669140246185781	0	0.775196556719533	0.719741508805373
SRR1311018	0.586209841460498	0	0.379806979295495	0	0.0339831792440069	0	0.604396091454482	0.855568362707926
SRR1311266	0.725354191131598	0	0.21353532450097	0.00283831334482228	0.0582721710226092	0	0.596761463026709	0.896746046875495
SRR1312501	0.500064118953434	0	0.344040198798729	0	0.155895682247836	0.00804020100502513	0.272536250575766	1.103921522592
SRR1314873	0.276730561291623	0	0.539273177794051	0	0.183996260914326	0.00603015075376884	0.279167098862585	1.08554675731556
SRR1315081	0.644430526806977	0	0.330211006628759	0	0.0253584665642637	0.00402010050251256	0.307306430959329	1.14844918209983
SRR1315225	0.715799431867511	0	0.19739780993007	0.000143551825496464	0.0866592063769226	0	0.625356413132924	0.858418918408284
SRR1315931	0.636385623071181	0	0.27359583867801	0	0.0900185382508084	0.00100502512562814	0.438595565910761	1.01883373661533
SRR1316367	0.766418563475154	0	0.0991547046672968	0	0.134426731857549	0	0.794075455313719	0.650994733609411
SRR1317365	0.755581098495546	0	0.244418901504454	0	0	0	0.524117406545146	0.995745443127597
SRR1317410	0.510459666558878	0	0.39598588181165	0	0.0935544516294729	0	0.5149799427021	0.921063111517457
SRR1317446	0.785341998882219	0.000981314333693992	0.211508794643982	0	0.00216789214010525	0.00201005025125628	0.40775243473845	1.12443295899518
SRR1317771	0.310048966111805	0	0.568353278057715	0	0.12159775583048	0.0120603015075377	0.242734963606564	1.13346315720523
SRR1317985	0.368498220124096	0	0.602090475355552	0	0.0294113045203522	0.00402010050251256	0.304076947267683	1.12178265162566
SRR1318354	0.843718675405043	0.0105022354726451	0.0982709258921665	0.0024940538943305	0.045014109335815	0	0.508796909669034	1.05016350706512
SRR1318796	0.137011597554494	0	0.627733091991046	0	0.23525531045446	0.0371859296482412	0.135453687838563	1.20158794380889
SRR1318879	0.522788178984117	0	0.411565558796645	0	0.0656462622192382	0.00301507537688442	0.331947100548447	1.08719529952512
SRR1319204	0.625587255890039	0	0.315958478656862	0	0.0584542654530987	0.00301507537688442	0.352851635167644	1.09622505372477
SRR1319731	0.73575319353735	0.00529023533298661	0.203521900240061	0	0.0554346708896024	0	0.704140728216231	0.77178410642511
SRR1319882	0.690901687141676	0	0.255127885119024	0	0.0539704277392992	0	0.736793291077356	0.716210016110836
SRR1319903	0.653682702934248	0	0.310205858406295	0	0.0361114386594566	0	0.511173652702558	0.96581622373637
SRR1322936	0.516308596685259	0	0.242396646554845	9.4249611211692e-05	0.241200507148685	0	0.538042973824159	0.879697977704322
SRR1324025	0.303353778443403	0	0.490679165756076	0	0.205967055800521	0.0291457286432161	0.157330888636036	1.15704713333294
SRR1325906	0.802249218105215	0	0.159800429862724	0.000442355491723316	0.037507996540338	0	0.756375348129156	0.727296325051715
SRR1326270	0.535168790794801	0	0.436917639044768	0	0.0279135701604314	0.00301507537688442	0.314117560913372	1.11578148386874
SRR1326579	0.460790540126888	0	0.223440370631201	0	0.315769089241911	0	0.467739718224754	0.923820236561021
SRR1327834	0.448806431623151	0	0.448923395569719	0	0.10227017280713	0.0190954773869347	0.191359801078966	1.17189892152339
SRR1328620	0.768000619723075	0.00416655685500926	0.181187442520712	0.000382435130341069	0.0462629457708628	0	0.604261879497348	0.906811485837745
SRR1330588	0.718098703015116	0	0.159534643967742	0	0.122366653017141	0.00201005025125628	0.358709823023954	1.11975505709798
SRR1330920	0.648542592688741	0	0.209351345351262	0	0.142106061959997	0.0100502512562814	0.253904758129425	1.16978974079006
SRR1331708	0.530404146873284	2.7412126527511e-05	0.310772274675326	0.00124760285107913	0.157548563473783	0	0.661010566913202	0.76864979183917
SRR1332069	0.488208740265091	0	0.43663169358057	0	0.075159566154339	0	0.459873137436221	0.972891601200059
SRR1332424	0.52468072490117	0.0170935179026104	0.132833177862659	0.00390916619008506	0.321483413143475	0	0.713324588955913	0.703540227443853
SRR1332443	0.845329820872896	0.018428386633927	0.106360491602245	0.00116020895605342	0.028721091934879	0	0.772447405834867	0.720985973256812
SRR1332969	0.261405062311347	0	0.572058151837508	0	0.166536785851145	0.0291457286432161	0.151449933436028	1.18588935082716
SRR1334098	0.641917650128979	0	0.295080956218985	0	0.0630013936520354	0.00201005025125628	0.371166741447635	1.08502596991703
SRR1337192	0.502784461887795	0	0.164996278856354	0	0.332219259255851	0	0.558419339357318	0.854593277349029
SRR1337342	0.649647552574408	0	0.192803684174477	0	0.157548763251115	0	0.476155253764294	0.980509054463758
SRR1337606	0.396250203426268	0.0428103233952668	0.26236122533533	0.00185010380229245	0.296728144040842	0.00201005025125628	0.404861650779917	0.954877637632748
SRR1338031	0.480621987297751	0	0.517802140292798	0	0.00157587240945123	0.00301507537688442	0.318949039040483	1.11699814146974
SRR1338147	0.725822007868933	0	0.166779053043849	0	0.107398939087218	0.00301507537688442	0.318855018697327	1.15951294425331
SRR1338426	0.417019577783758	0.0174624934820473	0.340405942009676	0.00023247614050389	0.224879510584015	0.0190954773869347	0.205627530750316	1.11347900978824
SRR1341344	0.536440944508821	0.0286921045713051	0.196938940425289	0.00145950440937541	0.23646850608521	0	0.447846174955511	0.95707328033123
SRR1345146	0.53237417555084	0	0.349606280268074	0	0.118019544181086	0.00201005025125628	0.407253920395396	1.01354682720896
SRR1345609	0.447956070385226	0.0163264723381911	0.479552031017189	0.000752214305235196	0.055413211954158	0.00100502512562814	0.426974802699728	0.998556522552655
SRR1346773	0.702991875485383	0	0.21365864463066	0	0.0833494798839573	0	0.744025295978353	0.706708768520036
SRR1347060	0.778245089511916	0	0.156244191989328	0	0.0655107184987561	0	0.457542812946812	1.06525026576299
SRR1347166	0.26270333869788	0	0.251905109074368	0	0.485391552227752	0.00301507537688442	0.319018375419208	0.993940127482108
SRR1347459	0.368380743345142	0	0.366273852506962	0	0.265345404147896	0.0241206030150754	0.16631324019887	1.13049423268496
SRR1347819	0.78337319368856	0.00246909602071441	0.168353946662199	0	0.0458037636285271	0	0.544917751107824	0.979965974326604
SRR1348402	0.61047630170962	0	0.300235026484083	0	0.089288671806297	0.00201005025125628	0.357122379018783	1.081170857942
SRR1349121	0.62205551694841	0	0.32245710822241	0	0.0554873748291804	0	0.456492106895878	1.00483614700999
SRR1351303	0.447818090135098	0	0.487585536758354	0.00211470956658469	0.0624816635399636	0	0.445156736037926	0.98643360091014
SRR1351347	0.652820864124834	0	0.286276285066271	0	0.0609028508088953	0.00301507537688442	0.335008644446203	1.12000329055259
SRR1351454	0.694857621070129	0	0.222561365442768	0	0.082581013487103	0	0.667728378051415	0.802194169092331
SRR1353199	0.618940077461971	0	0.323495931628257	0	0.0575639909097725	0	0.535992216380915	0.927874016780733
SRR1353309	0.553117765445661	0.00532715976274839	0.426046704295065	0.000228313900625646	0.0152800565958994	0.00402010050251256	0.297877041964545	1.13380021491984
SRR1354315	0.794553454938371	0	0.169354159362282	0	0.0360923856993465	0.00201005025125628	0.408193872394762	1.12461331790187
SRR1354931	0.530482698950182	0	0.427156740124714	0	0.0423605609251038	0.00301507537688442	0.329213860035775	1.09799924983483
SRR1355172	0.452396427071739	0	0.52815123320565	0	0.0194523397226113	0.0100502512562814	0.261372908122551	1.15442781236311
SRR1359062	0.427939949378755	0	0.414778004387741	0	0.157282046233505	0.0150753768844221	0.221861281733776	1.12952122535966
SRR1359447	0.675372102834036	0.0121242368846545	0.311718740781328	0.000784919499981505	0	0	0.538250636450338	0.94886667130325
SRR1360695	0.623223098650398	0.00118885630547886	0.375588045044123	0	0	0	0.55897890817239	0.91740992077965
SRR1361174	0.605988180754071	0.0165729332560321	0.375186519573466	0.000304966591725545	0.00194739982470583	0.00100502512562814	0.439628010150975	1.02376028317635
SRR1361522	0.378335740315835	0.00536934971837641	0.583882138507988	0	0.0324127714578008	0.0050251256281407	0.289499586387329	1.12772160269509
SRR1361652	0.330063438608711	0.0496416793597799	0.573031211832056	0.00446935168536375	0.0427943185140893	0	0.58067881080481	0.85369945898912
SRR1362310	0.409918302854555	0	0.434433880065339	0	0.155647817080106	0.00201005025125628	0.379359382725947	1.01258770543973
SRR1362866	0.434126563871996	0	0.355572491374261	0	0.210300944753743	0.00301507537688442	0.318134319672509	1.04718674395622
SRR1363858	0.743436644957946	0.0393486236482468	0.148898967357429	0.000522614802757739	0.0677931492336206	0.00100502512562814	0.42984804025302	1.06613690136846
SRR1363968	0.618764762103607	0	0.346698416121979	5.25168129790272e-05	0.0344843049614352	0	0.464623797823998	1.00108659169745
SRR1365291	0.388618826448478	0	0.417650640451834	0	0.193730533099689	0.0180904522613065	0.206807315197984	1.12578664735306
SRR1366648	0.548915483349796	0	0.451084516650204	0	0	0.00301507537688442	0.336995135069043	1.10894265313456
SRR1367825	0.708347984680771	0	0.291647656331429	0	0	0.00301507537688442	0.321818687448722	1.16647214859907
SRR1368597	0.437830253934241	0	0.516151401382479	0	0.0460183446832803	0.014070351758794	0.230772592664748	1.16590563054512
SRR1369196	0.687195808114056	0	0.20264694071142	0	0.110157251174524	0.00201005025125628	0.364021142671303	1.10136328847429
SRR1370329	0.657681883330201	0	0.317263800724081	0	0.0250543159457179	0	0.664053331528851	0.804161795501393
SRR1373694	0.81570420270814	0	0.155642238994446	0	0.028653558297414	0.00301507537688442	0.353048862041425	1.1889365804596
SRR1373746	0.621454257148424	0	0.282185584610016	0	0.0963601582415599	0	0.567014137698497	0.890964687393923
SRR1375329	0.152220469218625	0	0.549293904569382	0.0381954776153216	0.260290148596671	0.0201005025125628	0.18526923028472	1.12911376830048
SRR1376939	0.530152133531571	0	0.394986527475168	0	0.0748613389932613	0.00804020100502513	0.273565210357649	1.13139312939703
SRR1377423	0.443727767351484	0	0.475888162176231	0	0.0803840704722845	0.00603015075376884	0.279256429808284	1.11543104073094
SRR1378885	0.382662891455975	0	0.498178398463197	0	0.119158710080828	0.0120603015075377	0.244578351198465	1.12597331454172
SRR1379495	0.524482416723278	0	0.393556256997897	0	0.0819613262788244	0.00301507537688442	0.343395752735502	1.07344516620931
SRR1380393	0.577480341767469	0	0.401497865184603	0	0.021021793047928	0	0.479073069101468	0.982070580683441
SRR1380657	0.563807383778891	0	0.228136606697934	0	0.208056009523176	0.0190954773869347	0.194478494975947	1.16902238092049
SRR1380764	0.716147053603011	0	0.214893709574595	0	0.0689592368223934	0	0.679266933760776	0.796271400608816
SRR1382890	0.409284103522597	0	0.565899956897765	0.00125038970633571	0.0235655498733029	0.00201005025125628	0.373147154993697	1.06338668069315
SRR1383699	0.597996598262789	0	0.313927590526862	0	0.0880758112103494	0.00201005025125628	0.410862278591553	1.03213522872458
SRR1384395	0.701440004685309	0	0.246985239234752	0	0.0515747560799387	0.0050251256281407	0.289255491540528	1.18011898249133
SRR1385501	0.591326561385363	0	0.233842597966845	0	0.174830840647792	0.00301507537688442	0.340539964318545	1.07383677919089
SRR1386689	0.729632938262113	0	0.232297093675629	0	0.0380699680622583	0.00100502512562814	0.438813212722858	1.06297783647017
SRR1387856	0.765070315753337	0.0279525041426683	0.142243914179869	0.00466365554703043	0.0600696103770961	0	0.821286331597703	0.605825688245659
SRR1387921	0.561058248261594	0	0.39355046907067	0	0.0453912826677359	0	0.487665123251205	0.964912637808545
SRR1388354	0.581527426532006	0	0.35469384405348	0.00508693855037415	0.0586917908641399	0	0.529922517661176	0.924167267959861
SRR1395554	0.713302008018382	0	0.22255276585915	0	0.0641452261224689	0	0.530471519867391	0.962377101982854
SRR1395575	0.569195047659707	0	0.365136909407877	0	0.065668042932416	0.00402010050251256	0.303341242100005	1.1191756394712
SRR1396616	0.350822237523611	0	0.510431217136352	0	0.138746545340037	0.0291457286432161	0.155658339964785	1.18204038747657
SRR1397366	0.631948062998373	0.00516689362493847	0.342882009973784	0	0.0200030334029044	0.00100502512562814	0.425020355885615	1.04272897532043
SRR1398924	0.692389898356478	0.0779378664421348	0.147201729407972	0.0068722486830313	0.0755982571103839	0	0.791339592857337	0.627871264570539
SRR1399797	0.645000254646335	0	0.229112540008979	0	0.125887205344686	0	0.451204614034896	1.00508456796862
SRR1399971	0.591639501412534	0	0.349809527474813	0	0.0585509711126533	0	0.545316833163779	0.912364269872445
SRR1400202	0.603857685941725	0.0037688382911729	0.280621749860266	0	0.111751725906836	0	0.502554966549128	0.946076721717524
SRR1400847	0.694585265122231	0	0.25631882573042	0	0.0490959091473489	0	0.575392346045102	0.910679672899203
SRR1400910	0.449738099729198	0	0.452397948642293	0	0.0978639516285094	0	0.686496162334235	0.742337433809529
SRR1400974	0.314741456270438	0	0.685258543729562	0	0	0.0190954773869347	0.190183182734366	1.23777231691967
SRR1401211	0.614122683617526	0	0.354206314182178	0	0.031671002200296	0	0.442606380977025	1.02084192978587
SRR1401468	0.847881811919228	0.0247572108066069	0.0927276981146228	0.000777119727560605	0.0338561594319817	0	0.766908263572846	0.729800286595233
SRR1402962	0.645924582630785	0	0.24075754177092	0	0.113317875598294	0	0.57274899545585	0.88962420832084
SRR1403005	0.680984065528788	0	0.292515847387392	0	0.0265000870838194	0.00201005025125628	0.395659398160308	1.0850842353628
SRR1404209	0.303252083872889	0	0.556117535509852	0	0.140630380617259	0.0150753768844221	0.222393736748813	1.14055204714243
SRR1405165	0.243139868202708	0	0.422629172452692	0	0.3342309593446	0.0190954773869347	0.200951392738784	1.09161602671238
SRR1405331	0.368386782127157	0	0.440341719525048	0	0.191271498347795	0.0291457286432161	0.151904266414889	1.16277541458852
SRR1405525	0.627098520258017	0.0115271332173901	0.254001872230858	0.000203787977617865	0.107168686316118	0	0.588141128256284	0.866960276767023
SRR1405547	0.599638996645642	0	0.363694742736471	0	0.0366662606178868	0.00804020100502513	0.273417035719439	1.15909277196601
SRR1405660	0.134101101051841	0	0.650559981862438	0	0.215338917085721	0.0150753768844221	0.219470860174597	1.15438013546688
SRR1407250	0.647581874822867	0.0143589888581448	0.136643369786608	0	0.20141576653238	0	0.540552905455536	0.913419201767333
SRR1408393	0.500887688434715	0	0.453287743870591	0	0.0458245676946937	0.0190954773869347	0.193073152028822	1.19755991466136
SRR1408471	0.4866749156675	0	0.461438897661224	0	0.0518861866712761	0.00402010050251256	0.308715537179155	1.10587776585927
SRR1409374	0.677074829660057	0.00216099743669247	0.289802030821615	0.00268804288175085	0.0282740991998849	0	0.689823789787252	0.776041041641402
SRR1409854	0.531360046116285	0	0.321560123271561	0	0.147079830612154	0.00402010050251256	0.292061021577466	1.09839245947947
SRR1410678	0.481486661472814	0	0.425192783879897	0	0.0933205546472893	0.00301507537688442	0.354570012837937	1.05525144551693
SRR1413329	0.400164583445498	0	0.425350541511511	0	0.174484875042992	0.0120603015075377	0.246027912005771	1.10530429802898
SRR1413436	0.346596975053002	0	0.522268625932274	0	0.131134399014724	0.00301507537688442	0.329148820870507	1.0604551215846
SRR1413501	0.268479111310064	5.51457810003146e-05	0.690593638104892	5.99180990545951e-05	0.0408121867049885	0.0120603015075377	0.245948167771587	1.1833903119453
SRR1413541	0.468111658733595	0.0143109008347123	0.417720637241799	0.00016943185643321	0.0996873713334604	0.00603015075376884	0.283138692659472	1.10132391835
SRR1413602	0.402776176335998	0	0.433516298711261	0	0.163707524952741	0.0190954773869347	0.196295589262678	1.14351896950817
SRR1414229	0.8661098459915	0.0520497664820133	0	0.00558115797569198	0.0762592295507949	0	0.879792920253319	0.537410369849293
SRR1415004	0.435559029977812	0	0.449499694728718	0	0.11494127529347	0.00301507537688442	0.340739901576121	1.05585625967198
SRR1415398	0.262864211704653	0	0.639704718505497	0	0.0974310697898496	0.04321608040201	0.118504139453099	1.24582856143944
SRR1416248	0.572029494787961	0	0.339823623712255	0.000152245422550787	0.0879946360772339	0	0.603198142047022	0.844648241782407
SRR1416313	0.619182794600363	0	0.320148653487796	0	0.0606685519118414	0.00301507537688442	0.341196343497138	1.10345905970598
SRR1416654	0.683948827128019	0.00591809357546307	0.250946050352815	0.000691865598359921	0.058495163345343	0.00201005025125628	0.383942394954593	1.0886716056327
SRR1417342	0.322065171746451	0	0.642878666499073	0.00514711949272126	0.0299090422617547	0.00301507537688442	0.327995261385539	1.10726528643193
SRR1419917	0.350777082907548	0	0.595947680692796	0	0.0532752363996555	0.00201005025125628	0.392709316985331	1.04033792133716
SRR1420067	0.493916853209117	0	0.379780920561858	0	0.126302226229025	0.00201005025125628	0.412672755923158	1.0007984200459
SRR1420109	0.196469780374552	0	0.63827297177334	0	0.165257247852108	0.0402010050251256	0.132606856352889	1.21886642352076
SRR1420276	0.569645911371772	0	0.281650961660901	0	0.148703126967327	0.0100502512562814	0.259295634296323	1.13364861367123
SRR1420873	0.646284828272028	0	0.17409443532554	0	0.179620736402431	0.00201005025125628	0.367604091955306	1.07291810380225
SRR1429678	0.376459742691387	0.00752100668604722	0.4212117048961	0.000117504101081428	0.194690041625384	0.0100502512562814	0.25103107740108	1.09148430158446
SRR1429846	0.642623088836525	0.012810182112054	0.315166507973508	0	0.0294002210779125	0	0.477722368450277	0.992723365011837
SRR1430066	0.631187086282373	0	0.368812913717627	0	0	0.00301507537688442	0.317747342261152	1.14275171349738
SRR1430333	0.518904126958235	0	0.278105148399988	0	0.202990724641777	0.00201005025125628	0.368461956295024	1.02624095798475
SRR1431037	0.654104388836006	0	0.302715436914882	0	0.0431801742491124	0	0.455506723595217	1.01777339424557
SRR1431757	0.511093411418711	0	0.351815579221553	0	0.137091009359736	0.0130653266331658	0.233176478636708	1.13978000603003
SRR1432253	0.428967130592598	0	0.430266845037809	0	0.140766024369593	0.0050251256281407	0.286701529526103	1.08822873016642
SRR1433004	0.711767967745807	0	0.189556224780172	0	0.0986758074740215	0	0.522156170232815	0.966231611924244
SRR1433392	0.44244337775444	0	0.458048454011349	0	0.0995081682342113	0.0150753768844221	0.220580553454532	1.1516075874969
SRR1433410	0.812719124244505	0.00791804082715503	0.0794528654252102	0.000333803034842188	0.0995761664682878	0	0.903208823653805	0.463890502521378
SRR1433555	0.589961234816595	0	0.382620989264874	0	0.0274177759185301	0	0.490004483089044	0.972505520115055
SRR1433950	0.555870824523533	0	0.330069207310424	0	0.114059968166043	0.00201005025125628	0.398677659518799	1.02652022710987
SRR1437119	0.77903142973417	0.0327228628910384	0.168133443294443	0.00247019461166238	0.0176420694686854	0.00201005025125628	0.41021764844193	1.10937438502799
SRR1437390	0.597068227882007	0	0.365526492692377	0	0.0374052794256163	0	0.519301184654425	0.94349098539758
SRR1441159	0.717629665524269	0.0598865199384693	0.164734028019851	0.00447461528959084	0.0532751712278198	0	0.796356243284605	0.629105727538268
SRR1444138	0.523874319053645	0	0.437708419244977	0	0.0384172617013772	0.00904522613065327	0.265147254035241	1.14908171785902
SRR1445259	0.639764675479609	0	0.297255538950563	0	0.062979785569828	0.00201005025125628	0.400498841401727	1.05885141022031
SRR1445637	0.453709935343578	0.00325915598887768	0.48593048891167	0	0.0571004197558748	0.00100502512562814	0.423442861238244	1.00659525759784
SRR1446028	0.751193515663473	0	0.184680454517568	0	0.0641260298189584	0	0.785110255801453	0.663014903340513
SRR1446375	0.758460180958674	0	0.19890605133852	0	0.0426337677028061	0	0.549814888717553	0.963846806214509
SRR1447303	0.699148471534317	0	0.196567345020707	0	0.104284183444976	0.00201005025125628	0.373447188756743	1.09939919219696
SRR1447564	0.410121396807725	0	0.37648885902875	0	0.213389744163526	0.00603015075376884	0.28438127335417	1.06806547860597
SRR1452033	0.507506270071248	0	0.449282056308273	0	0.0432116736204791	0.00301507537688442	0.321199449366913	1.10113102274068
SRR1452164	0.567061239236759	0	0.349588678075558	0	0.0833500826876828	0	0.538309472445419	0.909669039537031
SRR1452270	0.530385803094183	0.00299248560703592	0.426498241187041	0	0.0401234701117398	0.00402010050251256	0.306545010504028	1.11569469279518
SRR1452468	0.352620854801807	0	0.390877115476972	0	0.256502029721221	0.0130653266331658	0.240409430190616	1.08368706791368
SRR1452935	0.508520591790874	0	0.281365337643494	0	0.210114070565632	0.0190954773869347	0.193638501600829	1.15050921547357
SRR1453811	0.791816301080134	0	0.145916623823397	0	0.0622670750964686	0	0.536259522352006	0.992435294865199
SRR1454201	0.84851702902915	0.000731168636340476	0.0717917763094054	0.000266880570078761	0.0786931454550251	0	0.801625506386571	0.676455977700019
SRR1454439	0.210041546483268	0	0.599965874854557	0	0.189992578662174	0.04321608040201	0.118705472253617	1.21010120306059
SRR1454739	0.520804226524772	0.000440618390447825	0.252327094698661	0	0.226428060386119	0	0.566388073897867	0.855726302940022
SRR1454909	0.491799344264009	0	0.385479786144649	0	0.122720869591343	0.00402010050251256	0.305705494788924	1.08621065354181
SRR1454995	0.444637313045002	0	0.479008996554887	0	0.0763536904001119	0.0160804020100503	0.209784092008326	1.16863164186163
SRR1455038	0.716828544812483	0.00400625834288857	0.217120482721885	0	0.0620447141227438	0.00603015075376884	0.284227204813079	1.18879596466703
SRR1455195	0.760570319548698	0.0119749123276944	0.141985693114701	0.000818329091168454	0.0846507459177382	0	0.755680409042972	0.70699033387679
SRR1456229	0.586321580188379	0	0.323213816081242	0	0.0904646037303793	0.0281407035175879	0.159563769856988	1.22601777537822
SRR1457854	0.602316037773177	0	0.368789202284355	0	0.028894759942468	0	0.50285822056936	0.962450992997022
SRR1459190	0.264526127464718	0	0.609977359909766	0	0.125496512625516	0.0150753768844221	0.219380705481743	1.15796894159546
SRR1465459	0.577051250356947	0	0.30470838725588	0	0.118240362387173	0.0120603015075377	0.241244760144658	1.15598170492283
SRR1467080	0.612036797134878	0	0.2751245567229	0	0.112838646142221	0.0100502512562814	0.249989129647094	1.16250437723535
SRR1468271	0.683649690096142	0	0.219530417915678	0	0.0968198919881804	0	0.483275413611767	0.993290217530559
SRR1468722	0.65873742292823	0	0.34126257707177	0	0	0.0050251256281407	0.287147684449414	1.17679756108168
SRR1468744	0.786078077301332	0	0.176286799741306	0.000972401139174303	0.0366627218181878	0	0.822320341015284	0.616702743763824
SRR1471477	0.68838671905572	0	0.297467175539168	0	0.0141461054051117	0	0.445346909192812	1.04479584979612
SRR1473632	0.457730818553897	0	0.458242313061474	0	0.084026868384629	0.00301507537688442	0.352185841932446	1.05809589512787
SRR1473714	0.470910906502391	0	0.516468781577111	0	0.0126203119204979	0.00301507537688442	0.322442684874307	1.1092469447374
SRR1474533	0.70769154982604	0	0.259421329271399	0	0.032887120902561	0.00201005025125628	0.382381071893029	1.10625220590417
SRR1475192	0.731543172499486	6.44693217019726e-05	0.200892081356909	0	0.0675002768219027	0	0.46736036234273	1.03240872299742
SRR1475566	0.712753898443995	0	0.207161901651949	0	0.0800841999040559	0	0.594123817870679	0.892926446040642
SRR1476102	0.511966005463186	0.0215676264874931	0.426179971005154	0.000462561228381068	0.039823835815785	0.00201005025125628	0.412370741669628	1.01881882421963
SRR1476447	0.577347249483537	0	0.313610701329573	0	0.10904204918689	0	0.457368569158605	0.981959328700892
SRR1477949	0.350231214619894	0	0.552410160798338	0	0.0973586245817677	0.00201005025125628	0.359915652685744	1.04909480056201
SRR1478228	0.670039422650181	0.00509761164120326	0.268089570179833	0	0.0567733955287826	0	0.596234559364743	0.878286208685708
SRR1478547	0.763679323686193	0	0.220777305300154	0	0.0155433710136529	0.00301507537688442	0.349642910516712	1.16472596793119
SRR1479133	0.323453180958544	0	0.563262913200385	0	0.11328390584107	0.0241206030150754	0.164191007735257	1.1914034902308
SRR1485312	0.369887952799375	0	0.502901177703513	0	0.127210869497112	0.0150753768844221	0.213279637513731	1.14569374764321
SRR1485521	0.6691588718219	0	0.257911998039796	0	0.0729291301383042	0	0.579302615779977	0.894924816806867
SRR1485613	0.646173553655571	0	0.281141480381919	0	0.0726849659625098	0	0.56863595470179	0.899379619412688
SRR1485722	0.720412313842829	0.00150783391659715	0.17714590817005	0	0.100933944070523	0	0.53717141997189	0.954105920217678
SRR1485740	0.805412374291042	0	0.174137057316552	0	0.0204505683924062	0	0.810958668582442	0.644670294912864
SRR1486520	0.582886387438807	0	0.195543390517595	0	0.221570222043598	0	0.527246146038722	0.906307767609804
SRR1486762	0.389549569251783	0	0.610450430748217	0	0	0.014070351758794	0.225243965124652	1.19589072245705
SRR1486889	0.251948201128105	0	0.704458382672651	0	0.0435934161992444	0.0331658291457286	0.143253959944856	1.26513029619986
SRR1486973	0.412182402486715	0	0.559886198438774	0	0.0279313990745103	0.0190954773869347	0.196239170266859	1.20097655513619
SRR1487340	0.377405051312231	0	0.419348401046008	0	0.203246547641761	0.0050251256281407	0.287008929630442	1.0668951628967
SRR1488449	0.528714202581741	0.00664295227499696	0.412221361498243	2.70236348322172e-05	0.0523944600101867	0.00402010050251256	0.303811098078718	1.1120470980809
SRR1488610	0.574960582465393	0	0.354684888077689	0	0.0703545294569179	0.00201005025125628	0.405123074396493	1.03525533881489
SRR1488899	0.306092856212655	0	0.204850011239421	0	0.489057132547924	0.00301507537688442	0.346041711829335	0.98056000940098
SRR1488960	0.522719467534519	0	0.340399296420426	0	0.136881236045054	0.00201005025125628	0.40110947919137	1.01275171253186
SRR1489199	0.49980031703227	0	0.360150020945874	0	0.140049662021856	0.00402010050251256	0.30545539737236	1.08317351043164
SRR1490057	0.429819612425214	0	0.401287403330516	0	0.168892984244271	0.00301507537688442	0.353530246118184	1.03019923695188
SRR1490740	0.502381943814302	0	0.475262411188741	0	0.0223556449969578	0	0.44226803454999	1.00556737719384
SRR1498931	0.624234252266807	0	0.358604480709214	0	0.0171612670239789	0.00100502512562814	0.424610392197483	1.04338074165558
SRR1499174	0.293752911205303	0	0.533796245994816	0	0.172450842799881	0.0180904522613065	0.206801698613834	1.1389220865938
SRR1499521	0.727586902856751	0	0.208936749555657	3.88239900077447e-05	0.0634375235975847	0	0.570769170389441	0.925876338920778
SRR1499894	0.308895859222598	0	0.47088826763323	0	0.220215873144172	0.0291457286432161	0.152883804191131	1.15381681096109
SRR1500113	0.676513512306996	0	0.297205176252829	0	0.0262813114401745	0	0.694361579218523	0.771425409641292
SRR1500216	0.410230155198722	0.0144906017849127	0.48805224465435	0	0.0872269983620155	0.00301507537688442	0.333106035179395	1.06443667008634
SRR1500240	0.715508366480214	0	0.237220133327355	0	0.0472715001924309	0	0.641302877315562	0.844233814922184
SRR1500450	0.434672527610498	0	0.536488753946418	0	0.0288387184430839	0.00904522613065327	0.265433810381352	1.1472451004966
SRR1500472	0.469292255370007	0	0.36081178144527	0.0677384748312692	0.102157488353454	0.0110552763819095	0.246975978912587	1.10976449088583
SRR1501020	0.25935526678171	0	0.692022481499531	0	0.0486222517187589	0.0190954773869347	0.205884113402421	1.21256244785418
SRR608150	0.751903839284374	0.00382066551332913	0.0355214173215586	0	0.208754077880739	0	0.868683530858176	0.515933087683265
SRR612263	0.56185392982899	0	0.304194812601946	0	0.133951257569065	0.00301507537688442	0.338598215974018	1.0729384039694
SRR612707	0.625267446303993	0	0.267725078278386	0	0.107007475417622	0	0.551421142381911	0.906167071232606
SRR612863	0.522930032015834	0	0.398018744734823	0	0.0790512232493423	0.00301507537688442	0.340791008246387	1.07611374706473
SRR612935	0.662823543453876	0	0.26469724394929	0	0.0724792125968349	0	0.547208179679094	0.926302643258937
SRR613150	0.750273946279524	0	0.188473031238307	0	0.0612530224821694	0	0.572231764867957	0.933998346205496
SRR613234	0.763854369173771	0.00307361676122661	0.146242014349419	0.000223413476125359	0.0866065862394578	0	0.598350588645111	0.908406088111871
SRR613342	0.717183973905448	0	0.237649740023375	0	0.0451662860711775	0	0.575150337585701	0.91948673064737
SRR613390	0.489373690883024	0	0.45538078372325	0	0.055245525393726	0.00804020100502513	0.27350860525421	1.13231012607075
SRR613533	0.445332638071012	0	0.489285880804043	0	0.0653814811249449	0.00301507537688442	0.341431720360293	1.07263651026007
SRR613550	0.613286844423796	0	0.340794321249189	0	0.045918834327015	0	0.444165449977942	1.0158427866572
SRR613639	0.707987363562474	0	0.220614667370876	0	0.0713979690666495	0.00201005025125628	0.401804568621076	1.0825543497152
SRR613675	0.563139850343838	0.0237145664790916	0.219908938758244	0.00156382404752903	0.191672820371298	0	0.58832715637503	0.841716455171872
SRR613855	0.346969346112939	0	0.590405251877335	0	0.0626254020097263	0.00301507537688442	0.31538605965635	1.09987849859109
SRR613896	0.548888925767607	0.00194449725102253	0.384851742574566	0	0.0643148344068042	0	0.442009437511017	0.99879274391687
SRR613915	0.324866830585462	0	0.523435895482025	0	0.151697273932513	0.0160804020100503	0.210154591148692	1.14133993144211
SRR613927	0.548704005362262	0	0.403540598167076	0	0.047755396470662	0.00201005025125628	0.414546246328231	1.0278254672257
SRR614119	0.773444935380827	0	0.199264432205063	0	0.0272906324141105	0	0.641025622669998	0.868961935271398
SRR614191	0.805512016109	0	0.153790539868162	0	0.0406974440228378	0	0.518835520218424	1.01995898389319
SRR614395	0.421969669871806	0	0.504146449450624	0	0.0738838806775695	0.00301507537688442	0.315297891966015	1.08980121331572
SRR614419	0.640137335876321	0.0284126549190488	0.105179296172187	0.00292771330500825	0.223342999727434	0	0.678168020082946	0.762984632763147
SRR614864	0.611738689707304	0.00155448152408717	0.284020603228235	0	0.102686225540374	0	0.48367933782258	0.967737207164283
SRR615069	0.308668120390629	0.0163959931972757	0.465877253129197	0.000393990750356335	0.208664642532542	0.00301507537688442	0.330688105451247	1.02876550677509
SRR615237	0.792761118036965	0.000501535534578787	0.205107683033999	0	0.00162966339445705	0.00201005025125628	0.414995864553527	1.12162175716
SRR615431	0.215660670374967	0	0.648524420804059	0	0.135814908820975	0.0291457286432161	0.155673150136897	1.21265354129741
SRR615659	0.456423474187638	0	0.521654895885102	0	0.0219216299272596	0.00301507537688442	0.321797550624978	1.10563155465541
SRR615778	0.274416171947359	0	0.280259322915756	0	0.445324505136885	0.00301507537688442	0.336092310941738	0.986567130326326
SRR615874	0.603898099653177	0	0.289875974525202	0	0.106225925821621	0.00301507537688442	0.32198680669259	1.10439166867505
SRR617841	0.20083088789993	0	0.636085821392313	0	0.163083290707757	0.0120603015075377	0.243584131423162	1.1392990956462
SRR654862	0.430123186957868	0	0.300802490742255	0	0.269074322299877	0.0241206030150754	0.16396812625603	1.13975221605522
SRR654898	0.643928210637441	0	0.149254377219942	0	0.206817412142617	0	0.476061614414527	0.975015608845737
SRR655182	0.627681870892264	0.00522727902502258	0.359487571891682	0.00233264009385506	0.00527063809717617	0	0.570524602191643	0.903426895513324
SRR655531	0.854201354574962	0.0330427757331031	0	0.00260310806482149	0.110152761627114	0	0.818066686340379	0.649309195785491
SRR655637	0.49361752660352	0	0.379167901286314	0	0.127214572110166	0.0130653266331658	0.233212315224351	1.1391092004693
SRR655768	0.454540032603249	0	0.486437710458279	0	0.0590222569384722	0.00301507537688442	0.336248192339285	1.07941766038882
SRR655816	0.581485354890276	0	0.418514645109724	0	0	0.00301507537688442	0.351391922915999	1.10245930421474
SRR656059	0.782010936684644	0	0.157603982238879	0	0.0603850810764769	0	0.470093805990187	1.05536889752786
SRR656946	0.652836929811638	0.00271388477451037	0.333843588763748	0	0.0106055966501037	0	0.512862705240284	0.968462096895101
SRR657599	0.55847673615387	0.00988550587334263	0.359750730168602	0.000788299983675495	0.0710987278205095	0.00201005025125628	0.409831991635916	1.02406903472751
SRR657949	0.64639496645022	0.00578403205672543	0.264092223760169	0	0.0837287777328861	0.00201005025125628	0.363628845508623	1.08740520826729
SRR658081	0.693848014763189	0	0.2676793076961	0	0.0384726775407102	0	0.663919061770105	0.811735191220452
SRR658941	0.489232125017758	0.00734928605703777	0.374448773506808	0	0.128969815418396	0.00603015075376884	0.28255010227818	1.09878050459369
SRR658953	0.283523112079077	0.00379773508059688	0.609023945912514	0	0.103655206927813	0	0.552662073934859	0.885255301449257
SRR659109	0.692705790568106	0	0.216442500453266	0	0.0908517089786276	0.00201005025125628	0.370737591352473	1.10055580293443
SRR659212	0.561313145451401	0	0.40087759171185	0	0.0378092628367494	0	0.465459180150597	0.987365936783375
SRR659804	0.653657746330393	0	0.302270636882065	0	0.0440716167875412	0	0.580830638664755	0.893291161017292
SRR660462	0.577154272178008	0	0.368179040777442	0	0.05466668704455	0.0120603015075377	0.240621604738809	1.17328816555979
SRR660510	0.738022657162926	0	0.204690205586275	0	0.0572871372507985	0.00402010050251256	0.291332902486485	1.19544329070495
SRR660614	0.668947501948987	0	0.253681684672892	0	0.0773708133781218	0	0.452101092650202	1.01984229967459
SRR660847	0.729747823832257	0.00133846795140645	0.268402683796417	0	0.000511024419919808	0	0.594635325551624	0.909189597544646
SRR661108	0.504600596275013	0	0.386140363244013	0	0.109259040480974	0.0221105527638191	0.175973270725043	1.18760898620114
SRR661167	0.820691851397945	0.00354851756574776	0.175757355229624	0	0	0.00100502512562814	0.432530464118791	1.1194984338827
SRR661267	0.482709486348114	0	0.399611885880067	0	0.117678627771819	0.0150753768844221	0.219351966708553	1.15028404471822
SRR661313	0.440152336298971	0	0.462319036194752	0	0.0975286275062766	0.014070351758794	0.229685348685048	1.14562989965825
SRR661651	0.430199989619744	0.00853466923094664	0.472342480678581	8.425918751054e-05	0.0888386012832173	0.0150753768844221	0.211572658943431	1.15754701247028
SRR662114	0.233996575518081	0	0.404686930890483	0	0.361316493591436	0.0241206030150754	0.164952323212468	1.10724041639326
SRR663076	0.626439975162046	0	0.341383971381219	0	0.0321760534567343	0	0.486605487192865	0.982918361481952
SRR663197	0.645001839661291	0.000976131785461179	0.263007836101561	0	0.091014192451687	0	0.449982042706375	1.01096603256767
SRR663440	0.767892357859254	0	0.110000336869596	0	0.12210730527115	0	0.541554135850546	0.970816801780399
SRR663783	0.73986482553788	0.000357089567031931	0.259386843743158	0	0.000391241151930243	0.00301507537688442	0.335014822643524	1.1687297507789
SRR665274	0.63996434422802	0.00172744046647316	0.35713675362522	0.000355393165640312	0.000816068514646928	0.00100502512562814	0.4295370545258	1.04668636767518
SRR665538	0.440903938666934	0	0.464707096278889	0	0.0943889650541766	0.00703517587939699	0.276077981153968	1.11252890397775
SRR665634	0.832510001311395	0	0.0597144812010795	0	0.107775517487525	0	0.73157437890537	0.774386932898237
SRR807543	0.505408903545718	0	0.370151325207571	0	0.12443977124671	0.0190954773869347	0.197630642625809	1.16770470849979
SRR809018	0.482069028909566	0	0.517930971090434	0	0	0.0190954773869347	0.196890112386541	1.21308931809357
SRR809161	0.67864992596597	0.000478372906293218	0.317126844608136	0	0.0037448565196002	0	0.490937870527353	0.999868587933245
SRR812536	0.542828852567172	0.000299855496443342	0.339329091020707	2.44480588943697e-05	0.117517752856784	0	0.498907574202561	0.93574535372134
SRR812943	0.224436071425483	0	0.585187603542814	0	0.190376325031703	0.0150753768844221	0.215187821124155	1.13946492712663
SRR813776	0.365927109309678	0	0.506105960650089	0	0.127966930040233	0.0150753768844221	0.216880887509823	1.1430464559387
SRR815869	0.566873273473986	0	0.391150995890253	0	0.041975730635761	0.0100502512562814	0.249405334253809	1.16800905612309
